"school_id";"gender";"language";"hisced";"grade_rep";"fear_failure";"belonging";"bullied";"home_poss";"cult_poss";"edu_resources";"family_wealth";"ESCS_status";"teacher_support";"emo_sup";"school_changes";"learn_time_math";"learn_time_read";"learn_time_scie";"math";"read";"scie";"class_size";"stud_teach_ratio";"short_edu_mat";"short_edu_staff";"stu_behav";"teach_behav"
5600001;0;2;5;1;-0.3799;-0.4415;0.2907;0.1755;-1.8696;1.1793;0.5116;-0.2227;-0.5973;1.0346;1;250;200;100;431.747;483.288;411.051;18;9.9652;-0.0703;-0.3163;0.7671;0.6274
5600001;0;0;6;1;-0.687;0.9683;-0.7823;0.7325;-0.1552;0.7604;1.153;0.7811;-0.0037;1.0346;0;150;200;200;513.486;493.619;550.462;18;9.9652;-0.0703;-0.3163;0.7671;0.6274
5600001;0;0;5;0;-0.687;-1.3271;-0.7823;-0.4748;-0.2704;-1.0118;-0.303;-0.3866;-0.2023;-1.292;0;200;200;100;524.054;610.808;609.177;18;9.9652;-0.0703;-0.3163;0.7671;0.6274
5600001;0;0;6;0;0.4637;0.3241;-0.7823;-0.0337;-0.1552;-0.1357;0.1783;-0.3508;-0.1605;-1.1847;0;150;200;300;393.4;504.125;366.683;18;9.9652;-0.0703;-0.3163;0.7671;0.6274
5600001;0;2;5;1;-0.687;0.6818;-0.7823;0.365;0.1453;-0.1357;0.561;-0.3012;-0.3584;0.2127;1;110;110;0;291.568;342.304;328.418;18;9.9652;-0.0703;-0.3163;0.7671;0.6274
5600001;1;0;5;1;-0.2006;-0.4509;0.7703;0.2231;-0.7708;-0.1357;0.892;-0.3824;-0.1298;-0.6576;1;200;200;100;514.1;522.684;578.608;18;9.9652;-0.0703;-0.3163;0.7671;0.6274
5600001;1;0;4;0;-1.8939;-0.3184;0.2907;-0.853;-1.8696;-0.9191;-0.1781;-1.175;0.039;-0.6576;0;200;200;100;582.85;558.471;643.389;18;9.9652;-0.0703;-0.3163;0.7671;0.6274
5600008;1;3;6;1;-0.4342;-0.3184;1.2327;0.2573;-0.2704;-1.0118;1.1108;0.9207;-0.2023;-0.6576;0;200;200;150;526.076;449.784;487.81;23;13.3333;-1.4212;-1.4551;0.7754;0.8468
5600008;0;0;6;0;-0.3799;0.9423;-0.7823;1.5508;1.1392;1.1793;1.1207;0.8986;0.4522;1.0346;0;200;200;150;605.058;546.089;575.019;23;13.3333;-1.4212;-1.4551;0.7754;0.8468
5600008;1;2;6;1;1.1422;-0.4687;1.1928;1.2906;1.8415;0.0477;0.5157;1.4944;-0.4377;-0.6576;2;250;200;150;492.401;477.34;585.193;23;13.3333;-1.4212;-1.4551;0.7754;0.8468
5600008;1;0;6;0;-0.4342;-0.9836;-0.7823;0.5625;0.3153;0.0477;0.1556;1.2313;-0.1605;-0.6576;0;200;200;300;674.806;650.371;727.17;23;13.3333;-1.4212;-1.4551;0.7754;0.8468
5600008;1;0;6;0;0.1097;0.4846;0.7703;1.195;0.4713;1.1793;1.2889;1.1226;-0.3673;-0.6576;1;200;200;150;621.993;700.277;724.855;23;13.3333;-1.4212;-1.4551;0.7754;0.8468
5600008;0;0;4;0;-1.1597;-0.3184;0.1462;0.7046;1.3903;0.0477;-0.1337;-0.5104;0.1694;0.2127;0;200;250;150;643.092;648.247;563.309;23;13.3333;-1.4212;-1.4551;0.7754;0.8468
5600010;1;0;6;0;-0.9598;-0.4415;0.2907;0.9091;0.171;1.1793;1.1605;1.1237;-1.415;-0.6576;1;100;100;100;415.283;370.009;403.651;13;5.2286;-1.4212;-0.5869;0.8852;0.5995
5600010;1;3;6;1;-0.687;-0.9298;1.1625;0.1222;0.2874;-0.4903;-0.1845;0.5546;-1.1481;-1.0657;1;250;200;100;409.431;479.915;415.901;13;5.2286;-1.4212;-0.5869;0.8852;0.5995
5600010;1;2;4;1;-1.8939;0.028;-0.7823;0.0668;-0.4463;-0.1357;0.8133;-0.719;-0.7968;1.0346;2;0;0;0;355.481;350.066;401.051;13;5.2286;-1.4212;-0.5869;0.8852;0.5995
5600010;0;2;5;1;-0.687;-0.9879;-0.7823;-0.4973;0.0232;-0.9386;-0.3161;-0.9578;-0.6262;-0.6576;1;100;0;0;412.696;314.211;396.839;13;5.2286;-1.4212;-0.5869;0.8852;0.5995
5600010;1;2;6;0;0.052;-0.5719;0.1462;0.3304;0.311;-1.0193;0.3236;0.8001;-0.0037;0.2169;2;250;200;100;397.015;460.291;460.206;13;5.2286;-1.4212;-0.5869;0.8852;0.5995
5600011;1;0;6;1;0.1097;-1.0013;-0.7823;-0.4169;-1.2782;-0.4903;-0.2181;-0.3577;-0.7894;-1.1847;0;150;200;200;541.524;524.281;539.871;18;8.3563;-0.6884;-0.3163;0.0753;0.1104
5600011;0;2;4;1;-0.4342;-0.3184;0.7703;0.0306;-0.4463;-0.1357;0.2344;0.1188;0.7015;-0.6576;2;0;0;0;435.001;497.366;441.425;18;8.3563;-0.6884;-0.3163;0.0753;0.1104
5600014;1;0;6;1;-0.687;0.6818;1.2327;1.5445;1.8415;-0.1357;0.9003;1.4299;-1.3245;1.0346;1;100;150;100;555.858;399.156;557.934;18;7.5652;-1.4212;0.2833;-0.0666;0.4365
5600014;1;0;6;0;-0.9295;-0.3184;0.1462;-0.679;-0.4961;-0.4903;-0.494;0.6997;-0.3584;1.0346;2;150;200;100;620.767;625.946;657.465;18;7.5652;-1.4212;0.2833;-0.0666;0.4365
5600014;0;0;6;0;-0.0845;-0.3389;1.1928;0.908;0.7679;1.1793;0.5183;1.1588;-1.1481;1.0346;0;100;200;100;485.285;535.365;569.098;18;7.5652;-1.4212;0.2833;-0.0666;0.4365
5600014;1;0;4;1;1.0671;-0.6824;0.2907;1.3924;0.6069;-0.4903;1.7645;0.9536;-1.1053;0.0116;2;100;150;0;375.258;294.438;352.044;18;7.5652;-1.4212;0.2833;-0.0666;0.4365
5600018;1;2;1;0;-0.687;0.0348;-0.7823;-0.6472;-0.5946;-1.0118;-0.5448;-1.8825;-0.3971;-0.6576;1;200;200;50;526.227;491.344;568.597;23;12.5906;2.9595;-0.7828;-0.2763;0.2243
5600018;0;2;5;0;0.1097;-0.4415;-0.7823;0.03;-0.4961;0.1806;0.4729;0.0955;-0.4377;-0.6576;2;200;200;150;601.216;589.355;635.944;23;12.5906;2.9595;-0.7828;-0.2763;0.2243
5600018;1;2;6;1;1.1422;-0.3184;0.2907;-0.1654;-1.2782;-1.0118;0.5984;-0.1406;0.7015;-1.0657;2;250;200;0;495.197;464.93;438.62;23;12.5906;2.9595;-0.7828;-0.2763;0.2243
5600018;0;2;6;0;-1.1858;2.7249;-0.7823;0.275;1.8415;1.1793;-0.6535;0.9705;1.314;1.0346;1;200;200;150;391.257;407.587;401.596;23;12.5906;2.9595;-0.7828;-0.2763;0.2243
5600019;1;2;5;0;-1.8939;0.3241;0.8615;0.3957;0.8912;0.1806;-0.2453;-0.1899;0.7628;0.2127;2;250;200;300;547.58;596.256;603.555;23;11.6585;-0.4526;0.21;-0.0444;0.1104
5600019;0;0;6;0;0.052;-1.3416;3.8591;0.0286;-0.893;-0.9779;0.9279;0.6724;-0.2023;-1.5824;0;250;200;300;602.47;674.282;598.432;23;11.6585;-0.4526;0.21;-0.0444;0.1104
5600023;0;0;2;0;-0.9295;-0.2159;-0.7823;0.058;-0.4961;0.1806;0.2142;-1.2146;-1.1176;-2.4468;0;150;150;250;481.47;531.327;481.258;18;11.049;-0.2376;-0.2968;-0.0341;0.1104
5600023;0;0;5;1;-0.3799;-0.3184;-0.7823;0.7897;1.1392;1.1793;0.249;0.9024;-1.5447;-0.6576;2;150;200;400;474.288;464.104;395.432;18;11.049;-0.2376;-0.2968;-0.0341;0.1104
5600023;0;3;0;1;0.1097;0.6818;-0.7823;-1.5648;-0.7708;-1.1443;-1.3469;-2.9903;-0.9422;-0.6576;2;0;100;0;302.632;352.424;328.626;18;11.049;-0.2376;-0.2968;-0.0341;0.1104
5600026;0;2;6;0;1.3423;-0.6693;0.2907;0.2295;-0.2704;1.1793;0.4458;0.987;1.314;1.0346;1;250;200;150;602.447;571.881;551.988;23;12.9903;-0.6884;0.43;-0.6163;0.1104
5600026;0;2;4;0;0.5949;0.9423;-0.7823;0.6271;0.7386;-0.4903;0.703;0.4948;-0.5488;-0.6576;2;200;200;150;672.585;675.298;623.084;23;12.9903;-0.6884;0.43;-0.6163;0.1104
5600030;1;0;4;1;-0.13;-0.681;0.2308;0.0734;-0.0455;0.2646;0.0527;0.0766;-2.7106;-0.6576;0;150;200;100;593.085;470.624;578.878;13;8.0769;-0.9432;-0.0963;-0.0048;0.1104
5600030;0;0;6;0;-0.1558;-0.1843;0.2907;1.2773;1.8415;1.1793;0.5723;1.3912;-0.3082;0.2127;2;250;200;300;562.859;568.886;645.156;13;8.0769;-0.9432;-0.0963;-0.0048;0.1104
5600030;1;0;5;0;-0.3799;-0.6843;0.2907;1.0287;0.8862;-0.1357;0.8788;0.9064;-0.2023;0.6364;0;400;200;200;667.81;618.189;649.845;13;8.0769;-0.9432;-0.0963;-0.0048;0.1104
5600030;1;2;1;1;-1.8939;-0.0649;-0.7823;-0.4334;-1.8696;-0.6853;0.3374;-1.4529;1.314;-0.6576;0;150;200;100;495.218;385.973;436.694;13;8.0769;-0.9432;-0.0963;-0.0048;0.1104
5600034;1;0;6;0;-1.8939;-0.6621;-0.7823;-0.6272;-1.2782;0.0477;-0.7038;0.0414;0.6259;-1.6775;1;250;200;300;595.433;600.204;590.265;23;13.4419;-0.4873;0.436;0.0753;0.5909
5600034;0;0;6;0;-0.687;-0.5635;-0.7823;1.0266;1.8415;1.1793;-0.2041;1.3367;-0.9422;0.2127;0;250;200;200;631.126;648.07;636.759;23;13.4419;-0.4873;0.436;0.0753;0.5909
5600034;0;0;6;0;0.4637;-0.4509;-0.7823;0.7045;0.311;1.1793;0.6588;0.6321;-1.464;-0.6439;1;250;200;250;554.855;590.139;626.624;23;13.4419;-0.4873;0.436;0.0753;0.5909
5600035;0;3;1;1;-0.687;-0.3184;-0.7823;-0.2458;-0.7708;-0.2116;0.3364;-1.7671;-0.2023;1.0346;0;250;200;300;528.49;604.491;542.634;13;5.6545;1.2478;1.3405;1.2266;1.2134
5600035;0;2;6;0;-0.4678;-1.1432;1.5699;0.694;1.3903;1.1793;-0.1622;1.0966;-2.1621;-1.5824;1;250;200;400;483.267;343.8;502.165;13;5.6545;1.2478;1.3405;1.2266;1.2134
5600035;0;2;2;0;-0.2006;0.6818;-0.7823;-0.6242;-1.8696;0.2646;-0.3601;-1.4569;1.314;-0.6576;0;150;200;250;552.185;555.019;533.957;13;5.6545;1.2478;1.3405;1.2266;1.2134
5600037;0;2;6;0;1.0671;0.4829;-0.7823;0.1824;-0.1552;1.1793;0.1794;0.2541;-2.1007;1.0346;0;250;200;300;588.039;718.06;671.155;23;2.1488;-0.6344;0.7348;-0.0048;1.1187
5600037;0;3;2;0;0.4637;-0.0553;0.7703;-1.2837;-1.8696;-0.6122;-0.6526;-1.6408;-1.1965;-0.6576;1;250;250;100;520.154;535.828;542.333;23;2.1488;-0.6344;0.7348;-0.0048;1.1187
5600037;1;3;6;0;-0.687;-0.4509;-0.7823;0.1455;-0.0809;-0.1357;0.1383;0.8362;-1.7418;0.2169;0;250;200;300;640.144;621.19;682.295;23;2.1488;-0.6344;0.7348;-0.0048;1.1187
5600037;1;3;2;1;-0.9295;0.3173;0.2907;-0.2737;-0.7708;-0.6853;0.2427;-1.3509;-0.5973;0.3622;1;200;200;100;548.117;514.21;623.808;23;2.1488;-0.6344;0.7348;-0.0048;1.1187
5600037;0;2;6;0;0.4637;-0.5635;0.1462;-0.0316;0.0181;1.1793;-0.1561;-0.3477;-0.5488;1.0346;1;200;200;100;473.669;480.313;478.555;23;2.1488;-0.6344;0.7348;-0.0048;1.1187
5600037;0;3;4;0;-0.5722;1.4903;-0.7823;-0.2618;-1.8696;1.1793;0.2981;-0.9404;-1.464;1.0346;0;200;200;150;539.307;570.749;587.774;23;2.1488;-0.6344;0.7348;-0.0048;1.1187
5600037;0;2;5;0;-0.687;1.4685;-0.7823;-0.0015;0.311;1.1793;-0.494;-0.3342;-0.2023;1.0346;0;200;200;150;507.275;472.763;525.298;23;2.1488;-0.6344;0.7348;-0.0048;1.1187
5600037;0;0;4;0;-0.687;0.6818;-0.7823;-0.1633;-0.893;-0.6853;-0.0782;-0.7177;-1.7418;0.3622;0;200;200;150;503.842;555.394;560.986;23;2.1488;-0.6344;0.7348;-0.0048;1.1187
5600038;0;2;6;1;-0.9295;-0.3184;-0.7823;-0.5066;-0.482;1.1793;-0.3757;-0.5391;-0.2023;-0.6576;2;90;150;60;316.775;211.273;325.903;18;6.6803;0.7566;1.5435;2.4211;1.1096
5600038;0;2;4;0;0.4637;-1.2394;-0.7823;-0.2848;-0.2704;-0.5492;0.2441;-0.4407;0.7015;-0.6576;1;50;100;50;362.762;295.727;305.408;18;6.6803;0.7566;1.5435;2.4211;1.1096
5600038;1;2;0;1;0.4637;-0.3184;-0.7823;-1.6394;-1.8696;-0.6122;-1.9541;-3.1027;-1.1053;0.5029;0;0;150;0;392.826;384.141;384.23;18;6.6803;0.7566;1.5435;2.4211;1.1096
5600038;1;2;3;0;-0.2006;-1.2173;-0.7823;-1.0029;-1.8696;0.0477;-0.6276;-1.3904;-2.7106;1.0346;0;0;200;0;357.326;388.904;420.251;18;6.6803;0.7566;1.5435;2.4211;1.1096
5600038;1;2;1;1;0.0208;0.1935;-0.7823;-1.8604;-1.8696;-1.3835;-1.1325;-2.5718;0.7628;-0.6576;0;100;200;0;351.036;328.111;371.324;18;6.6803;0.7566;1.5435;2.4211;1.1096
5600044;1;2;4;0;1.8905;-1.2605;3.8591;-0.4162;-0.7708;-0.9386;0.252;-1.017;1.314;1.0346;2;150;150;100;408.87;217.749;356.969;18;5.2737;0.7566;1.2432;0.7671;1.1481
5600047;0;2;3;0;0.4637;-0.7724;1.1625;0.0887;-0.4882;-0.7412;0.671;-0.907;0.4522;-1.0691;2;150;200;250;376.912;449.169;385.782;18;5.9571;0.4292;0.8242;1.3327;1.592
5600047;0;2;1;0;-1.8939;-0.1017;-0.7823;-0.0268;0.3982;1.1793;-0.6107;-1.6851;0.2048;1.0346;0;250;50;0;342.746;405.391;342.005;18;5.9571;0.4292;0.8242;1.3327;1.592
5600047;1;2;3;1;0.4637;0.3281;-0.7823;-0.9924;-1.8696;-0.8243;-0.5067;-1.386;-1.3345;-1.0657;2;250;200;0;409.668;420.798;444.456;18;5.9571;0.4292;0.8242;1.3327;1.592
5600047;1;2;1;1;-0.13;-0.9105;1.5082;-0.5891;-0.7708;-0.1357;-0.4032;-2.0353;0.4522;1.0346;0;220;220;330;437.298;398.376;378.278;18;5.9571;0.4292;0.8242;1.3327;1.592
5600047;1;2;4;0;-0.7985;-0.8133;-0.7823;1.0098;0.1456;1.1793;1.3691;0.6567;0.4394;1.0346;1;250;200;150;331.702;354.761;352.837;18;5.9571;0.4292;0.8242;1.3327;1.592
5600047;0;0;6;0;-0.687;0.0928;0.2308;0.3108;-0.2638;-0.9302;0.8533;-0.1932;-1.1481;0.2127;1;250;250;300;495.788;353.059;484.956;18;5.9571;0.4292;0.8242;1.3327;1.592
5600057;0;0;5;0;0.8794;-1.8546;1.0457;0.0957;0.0181;1.1793;-0.0134;-0.3813;-1.8358;-0.6576;1;200;200;150;597.473;623.797;649.787;18;11.0085;0.6221;0.0131;0.6454;0.4436
5600057;1;3;2;0;-1.8939;0.0928;1.1928;-0.072;0.4984;-0.6853;-0.2267;-1.341;-0.8998;-0.6576;0;200;200;100;394.958;396.015;355.254;18;11.0085;0.6221;0.0131;0.6454;0.4436
5600061;0;0;6;1;-0.3799;-0.9803;0.1462;0.8461;0.9533;1.1793;0.2675;1.0696;-1.5447;-1.0657;1;200;200;50;451.884;452.722;399.109;18;6.94;1.2478;-0.2968;0.9076;0.8532
5600061;0;2;6;1;0.8794;0.0637;-0.7823;0.0365;0.171;-0.4903;0.368;1.0025;-0.1298;1.0346;2;150;200;50;426.928;441.452;449.907;18;6.94;1.2478;-0.2968;0.9076;0.8532
5600061;0;2;5;0;-0.687;-0.8378;0.2907;-0.0738;-0.1552;1.1793;0.1249;-0.3648;-0.5488;-0.6576;2;150;200;50;429.483;465.138;469.02;18;6.94;1.2478;-0.2968;0.9076;0.8532
5600062;0;0;6;0;-1.8939;0.9683;-0.7823;-0.7309;-0.1552;0.0477;-1.1847;0.5413;-0.7857;-1.3914;2;360;300;300;456.779;472.109;502.235;18;7.6923;-1.4212;0.5116;-0.9791;0.1104
5600062;0;0;6;0;-1.0109;-0.8096;1.8016;-0.3178;-1.8696;-0.4903;0.2941;0.1992;-0.5088;-1.3939;2;200;200;150;402.725;423.247;471.778;18;7.6923;-1.4212;0.5116;-0.9791;0.1104
5600062;0;0;4;0;-1.1858;-0.0742;-0.7823;0.0581;-0.0102;0.031;-0.3158;-0.9414;-1.1077;-0.6576;0;300;200;300;600.424;487.294;544.253;18;7.6923;-1.4212;0.5116;-0.9791;0.1104
5600062;0;2;4;0;-0.0845;-0.5635;0.2308;0.494;1.8415;0.1806;-0.4153;-0.3374;0.0483;1.0346;0;300;150;0;538.427;487.779;503.045;18;7.6923;-1.4212;0.5116;-0.9791;0.1104
5600062;0;2;2;0;-0.4678;-0.8826;0.7703;-0.0496;-0.893;0.0477;0.0649;-1.4679;-0.9422;1.0346;1;300;200;300;553.335;519.082;567.122;18;7.6923;-1.4212;0.5116;-0.9791;0.1104
5600062;0;2;4;0;-0.687;-0.6659;-0.7823;-0.3707;-0.5946;-0.9302;-0.3285;-0.915;-1.1481;0.3622;2;300;200;250;598.52;637.066;632.707;18;7.6923;-1.4212;0.5116;-0.9791;0.1104
5600062;0;2;5;0;0.8794;0.1837;-0.7823;-0.4517;-0.1552;1.1793;-0.4488;0.0395;-0.3584;1.0346;0;300;250;400;469.852;485.764;440.518;18;7.6923;-1.4212;0.5116;-0.9791;0.1104
5600062;0;0;4;0;-0.687;1.4685;-0.7823;-0.2793;-0.7708;1.1793;-0.1486;-1.0842;0.4522;-0.6576;1;300;200;300;622.037;544.317;577.679;18;7.6923;-1.4212;0.5116;-0.9791;0.1104
5600062;0;2;5;1;-0.9295;0.4458;-0.7823;-0.3639;0.6026;1.1793;-1.2722;-0.594;-0.2871;-0.6576;2;300;200;250;462.934;480.706;496.309;18;7.6923;-1.4212;0.5116;-0.9791;0.1104
5600062;0;0;6;0;0.176;-0.5072;0.1462;-0.5776;-0.1552;-0.5492;0.0544;-0.4939;-0.0037;1.0346;1;300;200;400;513.994;457.804;496.578;18;7.6923;-1.4212;0.5116;-0.9791;0.1104
5600062;0;2;5;0;-1.1597;1.4326;-0.7823;0.5537;0.3939;0.6763;0.2371;0.3171;-1.1481;1.0346;0;300;200;250;524.485;540.55;518.921;18;7.6923;-1.4212;0.5116;-0.9791;0.1104
5600062;0;2;5;0;-1.8939;0.6818;-0.7823;-0.6014;-0.3069;0.1806;-1.1002;-0.4705;-0.0037;0.6402;0;250;200;250;518.174;543.446;565.741;18;7.6923;-1.4212;0.5116;-0.9791;0.1104
5600062;1;2;4;0;-0.3799;-0.3184;-0.7823;0.7898;0.6026;1.1793;0.2787;-0.4797;0.039;0.6402;0;300;250;400;620.861;549.064;620.117;18;7.6923;-1.4212;0.5116;-0.9791;0.1104
5600064;1;2;6;0;-1.8939;-0.0649;0.2907;1.6082;1.8415;1.1793;1.0506;0.5746;-1.1481;-0.6576;0;150;200;100;467.685;456.163;563.357;18;6.8667;-0.2376;-0.7828;0.6047;-1.1186
5600064;0;2;6;0;-1.1858;-0.4986;-0.7823;0.023;0.171;0.0477;-0.0334;0.67;-0.7475;1.0346;1;200;200;100;479.659;489.011;489.869;18;6.8667;-0.2376;-0.7828;0.6047;-1.1186
5600066;0;2;6;0;-0.9295;0.4951;-0.7823;0.3907;0.9533;0.1806;-0.2766;-0.1712;-0.3882;1.0346;1;330;330;220;390.62;428.847;329.925;18;9.8865;0.0574;0.2833;-0.0444;1.1187
5600067;1;2;3;1;-0.13;-0.2541;-0.7823;-0.9425;-1.8696;-0.8326;-0.2488;-1.3767;0.2727;-0.6576;2;200;300;150;307.29;242.06;316.534;13;6.4375;0.633;0.6736;1.7732;1.3102
5600067;0;2;4;0;-0.3799;0.6818;-0.7823;0.4516;-0.4961;1.1793;0.7233;-0.5562;-1.3684;-0.6576;1;0;100;0;309.127;374.774;415.961;13;6.4375;0.633;0.6736;1.7732;1.3102
5600067;0;2;4;0;-0.3799;-0.3184;0.2907;-1.014;-1.8696;-0.4903;-0.4704;-0.9327;-0.0348;-0.6576;1;0;100;0;409.612;445.75;424.308;13;6.4375;0.633;0.6736;1.7732;1.3102
5600067;1;0;3;0;0.4637;-0.4969;-0.7823;-0.8791;-0.7097;-0.6853;-0.3455;-1.0755;-0.5197;-0.6576;1;720;720;0;359.199;316.302;396.306;13;6.4375;0.633;0.6736;1.7732;1.3102
5600067;1;2;1;1;0.5949;-0.1769;1.6796;-1.2505;-1.8696;-1.3525;-0.3171;-2.3136;-2.7106;0.2127;2;200;100;450;448.323;410.346;377.572;13;6.4375;0.633;0.6736;1.7732;1.3102
5600067;1;0;6;1;-1.8939;-1.1915;1.4454;-0.0647;0.6026;-0.6122;-0.407;-0.2087;-0.9112;0.0181;0;300;200;0;474.165;352.701;299.854;13;6.4375;0.633;0.6736;1.7732;1.3102
5600067;0;2;6;1;0.4637;0.6344;-0.7823;0.0022;0.0879;-1.2622;0.2717;0.4259;0.0297;-0.6576;2;200;300;200;230.031;208.636;204.635;13;6.4375;0.633;0.6736;1.7732;1.3102
5600070;0;0;6;1;0.1097;0.9517;-0.7823;-0.4668;-0.4961;-0.5668;0.1251;-0.4339;-0.5973;1.0346;2;200;200;150;410.071;439.966;478.49;18;11.964;-0.2692;-1.4551;-1.9255;-1.1186
5600070;0;2;6;1;0.8794;0.6879;-0.7823;0.3759;-0.2638;0.1806;0.2502;0.1536;-2.0248;1.0346;0;200;200;150;373.286;455.212;386.619;18;11.964;-0.2692;-1.4551;-1.9255;-1.1186
5600070;1;2;2;1;-0.729;-0.3504;1.1625;-0.8882;-0.4882;-0.9779;-0.6156;-1.6794;-0.7074;0.2127;0;250;200;450;483.593;459.309;535.474;18;11.964;-0.2692;-1.4551;-1.9255;-1.1186
5600070;1;2;3;0;-0.5722;-0.6632;0.2907;0.1058;0.8862;-1.0118;-0.3175;0.1933;-1.0305;0.2127;0;200;200;150;539.469;557.039;491.457;18;11.964;-0.2692;-1.4551;-1.9255;-1.1186
5600070;0;2;5;1;0.1097;-0.4415;-0.7823;0.4208;0.6026;1.1793;0.1566;0.3755;-2.1621;-0.6576;0;200;200;150;421.807;366.445;399.738;18;11.964;-0.2692;-1.4551;-1.9255;-1.1186
5600076;1;3;6;0;-0.687;-0.0325;-0.7823;-0.6778;-1.8696;0.0477;-0.3059;-0.6116;1.314;0.3622;0;200;200;50;466.643;381.407;363.937;23;11.6209;-0.6884;0.43;-0.0048;0.1104
5600077;1;3;4;0;-0.3799;-0.2027;0.8615;-0.8059;-1.8696;0.1266;-0.4214;-2.7618;-0.3882;-0.6576;0;275;275;330;459.123;442.469;369.646;18;5.45;2.1284;0.6736;0.7671;1.1187
5600077;1;0;6;0;0.5949;-0.5635;2.07;-2.0279;-0.893;-3.0862;-1.2267;-1.1925;-0.4377;-0.6576;0;250;250;250;516.951;480.843;525.355;18;5.45;2.1284;0.6736;0.7671;1.1187
5600077;0;3;6;0;1.8905;-0.4415;0.8233;-0.8201;-0.7708;0.6763;-0.9615;-0.5283;0.4394;1.0346;2;250;200;300;443.75;425.817;443.416;18;5.45;2.1284;0.6736;0.7671;1.1187
5600077;0;3;4;1;0.4637;-0.9836;-0.7823;-0.9963;-1.8696;-0.1357;-0.7162;-1.1798;-0.2023;-0.6576;0;250;200;100;504.198;383.485;394.904;18;5.45;2.1284;0.6736;0.7671;1.1187
5600077;0;0;2;0;-1.8939;0.9683;0.2907;0.0813;-0.1552;1.1793;-0.0162;-1.4244;0.1694;1.0346;0;250;250;350;465.78;441.313;386.953;18;5.45;2.1284;0.6736;0.7671;1.1187
5600077;0;2;4;0;1.1422;-0.4415;0.2907;0.5143;1.8415;1.1793;-0.6283;-0.429;-0.3584;1.0346;1;200;300;150;469.681;428.285;413.457;18;5.45;2.1284;0.6736;0.7671;1.1187
5600077;0;2;6;0;-0.3799;0.1935;-0.7823;-0.456;0.2589;0.2646;-0.7612;0.2905;0.7628;0.2127;0;500;500;200;465.749;477.269;398.747;18;5.45;2.1284;0.6736;0.7671;1.1187
5600077;0;2;6;0;0.4637;-0.5797;1.1625;0.5805;0.9533;-0.1357;0.0179;1.2327;1.314;1.0346;1;200;250;350;502.451;513.333;513.237;18;5.45;2.1284;0.6736;0.7671;1.1187
5600077;0;3;4;0;-1.8939;-0.3184;0.2907;-1.0512;0.4713;-1.3904;-0.8471;-1.3301;0.385;0.6364;1;250;250;100;421.126;266.897;345.361;18;5.45;2.1284;0.6736;0.7671;1.1187
5600077;1;2;6;1;0.4637;-0.4451;2.07;-0.724;-0.3816;-0.4396;-0.7478;-0.4947;1.314;1.0346;1;200;250;350;436.46;381.066;331.413;18;5.45;2.1284;0.6736;0.7671;1.1187
5600077;0;2;5;0;0.1097;-0.763;-0.7823;-1.085;-0.7708;-0.3487;-1.1589;-0.6658;-0.0037;-0.6576;2;200;200;240;522.811;466.173;463.305;18;5.45;2.1284;0.6736;0.7671;1.1187
5600077;1;2;1;0;-0.9295;0.0348;-0.7823;-1.1008;-1.8696;-0.3487;-0.6717;-2.3193;-2.1007;0.2169;1;250;250;350;546.344;541.322;489.732;18;5.45;2.1284;0.6736;0.7671;1.1187
5600077;0;2;6;1;0.176;-0.1562;0.7703;0.1148;0.171;1.1793;-0.0084;0.3271;1.314;1.0346;1;200;200;100;450.566;567.553;445.408;18;5.45;2.1284;0.6736;0.7671;1.1187
5600077;0;3;1;0;0.4637;-0.5058;-0.7823;-0.315;-0.0809;1.1793;-0.5503;-1.9177;1.314;1.0346;2;275;220;110;427.914;395.44;354.489;18;5.45;2.1284;0.6736;0.7671;1.1187
5600077;0;3;5;0;0.8794;2.7249;-0.7823;-0.0622;-0.229;-0.4903;0.4715;-0.6034;-1.1408;-1.2973;0;250;200;200;484.356;459.231;434.933;18;5.45;2.1284;0.6736;0.7671;1.1187
5600077;0;2;2;0;-0.687;1.4685;-0.7823;0.4675;-0.4961;1.1793;0.8493;-0.9866;-1.7803;1.0346;0;200;250;200;467.681;516.359;506.037;18;5.45;2.1284;0.6736;0.7671;1.1187
5600077;1;2;5;0;-1.109;0.2033;0.2907;-0.2982;0.4713;1.1793;-0.5652;-0.5209;1.314;1.0346;1;250;250;200;403.748;454.607;453.892;18;5.45;2.1284;0.6736;0.7671;1.1187
5600077;1;2;6;1;0.0208;-0.8245;1.4545;-1.3525;-1.8696;-0.8243;-1.0423;0.2363;-0.9306;-1.3914;0;200;200;50;431.301;353.208;398.089;18;5.45;2.1284;0.6736;0.7671;1.1187
5600077;0;3;6;0;0.4637;-0.4415;-0.7823;-0.1494;0.0917;0.0477;-0.4213;-0.3998;1.314;-0.6576;0;250;250;100;383.038;390.539;346.095;18;5.45;2.1284;0.6736;0.7671;1.1187
5600077;0;2;0;0;-1.8939;-0.5635;-0.7823;-0.8124;-1.8696;-1.1443;-0.1729;-2.6275;-1.1481;-0.6576;2;250;250;300;608.999;522.917;569.003;18;5.45;2.1284;0.6736;0.7671;1.1187
5600077;0;2;4;0;0.4637;0.3018;-0.7823;0.2661;0.7386;1.1793;-0.4184;-0.504;-0.2023;1.0346;2;250;250;250;403.054;298.908;366.274;18;5.45;2.1284;0.6736;0.7671;1.1187
5600077;1;2;6;0;0.4637;0.0348;-0.7823;0.85;1.1392;1.1793;-0.0252;-1.2729;-0.3673;-0.6576;0;250;250;300;503.366;422.82;418.246;18;5.45;2.1284;0.6736;0.7671;1.1187
5600077;0;3;1;0;-1.8939;0.1685;0.2907;-0.4147;-0.7708;1.1793;-0.1172;-2.1034;-0.4082;1.0346;1;250;250;350;467.342;410.639;439.679;18;5.45;2.1284;0.6736;0.7671;1.1187
5600077;1;2;1;0;-1.8939;-0.4126;-0.7823;-1.9734;-1.8696;-0.4903;-2.359;-2.7631;-2.1621;-0.6576;2;275;275;385;469.271;407.487;400.42;18;5.45;2.1284;0.6736;0.7671;1.1187
5600080;1;0;4;0;0.8794;-0.2159;-0.7823;-0.5138;-0.5946;-1.0118;-0.1205;-0.8039;-0.9422;0.3622;1;200;200;150;472.003;461.032;481.75;18;11.9894;-0.949;-1.4551;0.6877;-0.3028
5600080;0;0;5;0;-1.4242;0.9683;0.2907;0.8933;1.1392;1.1793;0.6353;0.3145;-0.8998;-1.5824;0;200;200;350;489.105;599.573;614.893;18;11.9894;-0.949;-1.4551;0.6877;-0.3028
5600080;0;0;6;0;1.0109;-0.0358;-0.7823;-0.361;0.0181;-0.9057;-4e-04;0.0242;-1.415;1.0346;1;250;200;300;512.301;533.891;520.593;18;11.9894;-0.949;-1.4551;0.6877;-0.3028
5600080;0;0;6;0;0.8794;0.9683;-0.7823;-0.7716;-1.2782;-1.3835;-0.0548;0.6605;-1.8358;0.6364;0;250;200;300;526.747;494.103;521.111;18;11.9894;-0.949;-1.4551;0.6877;-0.3028
5600080;1;0;4;0;0.1097;0.165;-0.7823;-0.7385;-1.8696;-1.0118;-0.0778;-0.9832;-0.1206;-1.5824;0;200;250;200;395.598;377.143;492.166;18;11.9894;-0.949;-1.4551;0.6877;-0.3028
5600080;1;2;0;0;-0.687;0.6818;0.7703;-0.473;-0.3069;1.1793;-0.9336;-2.7127;-0.8998;-0.6576;1;200;200;200;486.57;524.747;470.389;18;11.9894;-0.949;-1.4551;0.6877;-0.3028
5600080;0;2;4;0;-0.687;0.0348;-0.7823;0.2153;0.4713;1.1793;-0.1717;-0.5796;-1.2443;-1.5824;0;200;200;150;465.985;620.099;544.655;18;11.9894;-0.949;-1.4551;0.6877;-0.3028
5600080;1;0;5;0;-0.729;0.3349;-0.7823;0.7902;0.8862;1.1793;0.3371;0.7542;-1.1617;1.0346;2;250;200;300;569.352;586.907;607.227;18;11.9894;-0.949;-1.4551;0.6877;-0.3028
5600080;1;0;5;0;-0.3799;1.4903;0.2907;-0.9558;-1.8696;-0.6853;-0.4032;-0.7807;-1.7418;-0.6576;0;200;200;100;492.69;552.451;553.32;18;11.9894;-0.949;-1.4551;0.6877;-0.3028
5600081;0;0;6;0;-0.4342;-0.6693;-0.7823;0.6336;-0.2704;-1.1945;1.3867;0.9797;-0.9422;0.0116;0;250;200;300;653.24;673.619;744.113;23;12.7273;1.6863;0.43;0.7486;1.0327
5600082;1;2;2;0;-0.687;0.3241;-0.7823;0.2217;-0.7097;0.1806;0.8788;-1.0727;1.314;-0.6576;1;200;200;150;587.037;521.159;555.335;23;11.3451;-0.4873;0.43;0.0753;0.1104
5600082;1;2;5;0;-0.3799;0.1982;-0.7823;-0.3501;-1.8696;-0.8243;0.6632;-0.2649;-0.5;0.2127;0;160;160;120;448.461;528.276;519.284;23;11.3451;-0.4873;0.43;0.0753;0.1104
5600088;0;2;6;1;0.8207;0.0348;-0.7823;-0.4274;-0.7708;0.0477;-0.1784;-0.2996;-0.2251;-0.6576;0;0;150;0;455.629;381.713;428.006;18;8.887;-1.4212;-0.3163;0.984;0.5216
5600088;1;3;4;0;-1.8939;-0.1562;-0.7823;-0.393;-1.8696;0.1806;0.1573;-0.3696;-0.2023;1.0346;2;0;150;0;482.543;512.874;453.542;18;8.887;-1.4212;-0.3163;0.984;0.5216
5600088;1;2;6;1;-1.4242;0.2243;0.8615;-0.8873;-1.8696;0.1806;-0.3812;0.2848;-1.7418;-1.8598;0;200;50;0;342.568;349.441;381.669;18;8.887;-1.4212;-0.3163;0.984;0.5216
5600088;1;2;3;0;-1.4242;0.5082;-0.7823;0.4112;-1.2683;-0.1295;1.1295;-0.4426;0.7628;0.6364;2;400;400;0;342.718;402.97;481.239;18;8.887;-1.4212;-0.3163;0.984;0.5216
5600088;1;0;6;1;0.4637;-0.6659;0.8615;0.0504;0.9533;1.2099;-0.7853;0.6382;-1.3345;1.0346;2;0;0;0;428.114;405.446;322.615;18;8.887;-1.4212;-0.3163;0.984;0.5216
5600088;1;2;4;0;-0.1558;-0.4415;0.2907;0.7702;0.311;1.1793;0.5723;-0.1916;1.314;0.6402;2;150;200;50;473.741;379.107;431.838;18;8.887;-1.4212;-0.3163;0.984;0.5216
5600088;1;3;0;0;0.4637;-0.5707;0.2907;-0.803;-1.8696;1.1793;-0.3513;-2.8489;-0.7074;-0.6576;1;0;100;0;398.604;391.691;447.8;18;8.887;-1.4212;-0.3163;0.984;0.5216
5600088;1;0;6;1;-0.6133;-0.186;1.1625;0.9873;0.2634;-0.6122;1.8368;0.5947;-0.9734;1.0346;2;50;50;0;418.741;268.986;380.218;18;8.887;-1.4212;-0.3163;0.984;0.5216
5600090;0;2;6;0;-1.1858;-1.0013;-0.7823;0.0514;-1.8696;1.1793;0.6012;-0.2277;-0.0439;-0.6576;2;0;0;0;410.962;380.748;410.741;13;7.8452;-1.4212;-1.4551;0.6877;0.4365
5600090;1;3;5;0;0.1097;-0.6869;-0.7823;-1.994;-1.8696;-1.8935;-1.5535;-1.1904;-0.1697;-0.6576;2;250;200;650;536.968;468.969;535.218;13;7.8452;-1.4212;-1.4551;0.6877;0.4365
5600094;0;2;4;0;-0.4342;-0.2444;-0.7823;-0.6617;-0.7708;1.1793;-0.6645;-1.246;0.481;0.6364;0;0;0;0;339.307;341.208;375.095;18;10.8734;-1.4212;-0.0097;-0.2514;0.5909
5600094;0;2;6;0;-0.4342;-1.0087;-0.7823;1.1208;1.8415;0.0477;0.5662;1.3958;-0.2023;1.0346;2;150;200;200;355.442;347.392;388.82;18;10.8734;-1.4212;-0.0097;-0.2514;0.5909
5600094;0;2;5;0;1.8905;0.4862;0.8233;-0.0781;-0.2704;1.1793;-0.1704;-0.33;1.314;0.6364;0;165;220;275;422.03;439.105;427.407;18;10.8734;-1.4212;-0.0097;-0.2514;0.5909
5600095;0;2;3;1;-0.687;1.4685;-0.7823;-0.4299;-0.6394;-0.5089;-0.1656;-0.8286;1.314;1.0346;2;200;200;50;316.149;368.063;407.5;23;12.3838;-0.949;-0.0963;-0.4881;-0.7029
5600098;1;2;3;0;-0.687;-0.0358;-0.7823;-0.6822;-1.2782;-0.4903;-0.2246;-1.023;-0.2023;-0.6576;1;300;100;300;417.308;389.204;415.878;18;7.9649;0.4292;0.8179;0.6877;0.6999
5600103;0;1;6;0;-0.3799;0.0637;-0.7823;-0.0801;-1.8696;0.0477;0.3973;-0.0092;-0.5088;0.2169;0;200;250;150;525.598;438.787;468.622;13;6.7119;-1.4212;-1.4551;-0.6163;-2.0013
5600105;1;2;4;1;-0.3799;0.0348;0.8615;-0.1455;0.4482;-0.6853;-0.6522;-0.7082;1.314;-1.1847;1;150;150;100;349.945;384.988;347.786;23;12.6174;-0.6884;-0.7828;0.0753;1.1096
5600107;0;2;5;0;1.0671;0.0109;0.1462;0.7523;1.8415;1.1793;-0.2479;0.7382;-0.5;1.0346;0;200;200;150;556.698;543.259;508.288;18;10.7967;-0.4907;-0.0963;-0.4182;0.8532
5600107;0;2;1;0;0.5949;0.6818;-0.7823;-0.3278;0.0181;-0.6853;-0.1409;-1.8041;-0.8489;1.0346;0;200;250;150;608.863;587.91;587.969;18;10.7967;-0.4907;-0.0963;-0.4182;0.8532
5600109;0;2;4;0;0.4637;0.2195;0.7841;-0.16;0.171;1.1793;-0.424;-0.4954;-2.1621;1.0346;2;200;150;100;388.652;396.019;421.157;18;11.6629;0.4292;1.3405;1.1057;1.592
5600109;0;2;6;1;-0.687;0.687;-0.7823;0.835;1.1392;1.1793;0.2713;0.7913;-0.8905;1.0346;2;220;220;220;448.605;479.87;398.117;18;11.6629;0.4292;1.3405;1.1057;1.592
5600109;1;0;4;1;-0.687;-0.4509;-0.7823;-0.5366;-0.7708;-0.6853;0.0709;-0.676;1.314;1.0346;2;200;200;100;500.719;406.734;392.441;18;11.6629;0.4292;1.3405;1.1057;1.592
5600109;0;2;0;0;0.5949;-0.3184;0.2907;-0.3734;-0.7708;0.0477;-0.1129;-2.3779;-1.1408;-1.0691;1;150;200;100;442.417;456.798;410.991;18;11.6629;0.4292;1.3405;1.1057;1.592
5600109;0;2;1;0;-1.0109;0.6818;0.8615;-0.3729;-1.8696;1.1793;-0.0134;-1.8662;-0.3172;1.0346;1;250;200;350;504.588;555.091;454.879;18;11.6629;0.4292;1.3405;1.1057;1.592
5600109;0;2;4;0;1.4083;-0.3976;-0.7823;0.5982;0.0181;0.0477;0.9844;-0.6376;-1.1481;-0.6576;2;250;200;200;456.193;371.721;341.276;18;11.6629;0.4292;1.3405;1.1057;1.592
5600109;0;0;4;1;-0.2006;-1.0654;0.2907;-0.472;0.3668;-0.4903;-0.9164;-0.3699;-0.909;1.0346;0;200;250;250;368.123;296.67;390.65;18;11.6629;0.4292;1.3405;1.1057;1.592
5600109;1;2;6;0;-0.4342;-0.3184;0.2907;-0.2158;-1.2782;1.1793;6e-04;0.2266;-0.2023;-0.6576;2;250;200;300;508.352;519.613;554.849;18;11.6629;0.4292;1.3405;1.1057;1.592
5600109;1;0;6;1;-0.687;-1.2523;-0.7823;1.3422;1.1392;1.1793;1.0303;1.1092;-0.2023;-0.6576;2;250;200;250;517.999;434.719;436.731;18;11.6629;0.4292;1.3405;1.1057;1.592
5600109;0;0;4;0;0.8794;1.4685;-0.7823;-0.0992;0.0181;0.1806;0.0378;-0.9019;1.314;-0.6576;0;150;200;150;404.91;423.487;394.221;18;11.6629;0.4292;1.3405;1.1057;1.592
5600109;0;3;6;1;-0.7592;-0.9986;-0.7823;-0.1383;0.4713;-1.0118;-0.2307;-0.1291;-0.2023;-0.0017;2;250;150;400;451.097;363.793;463.081;18;11.6629;0.4292;1.3405;1.1057;1.592
5600109;0;2;0;0;-1.4242;-0.3184;-0.7823;-0.8032;-0.7097;1.1793;-0.8863;-2.7488;-0.2023;-0.6576;1;150;200;150;569.969;577.523;549.451;18;11.6629;0.4292;1.3405;1.1057;1.592
5600109;1;2;6;1;1.3423;0.8801;0.2907;0.5095;0.311;1.1793;0.4154;-0.1209;0.0079;-0.67;1;150;200;0;366.303;328.441;356.332;18;11.6629;0.4292;1.3405;1.1057;1.592
5600109;0;2;5;0;0.4637;-0.1903;0.2907;0.3458;-0.1552;0.0477;0.7719;-0.1541;1.314;0.0116;0;250;200;300;550.528;516.45;469.443;18;11.6629;0.4292;1.3405;1.1057;1.592
5600109;0;2;5;1;-1.4242;0.4951;-0.7823;0.1512;0.6026;-0.4903;0.1278;-0.3578;0.7628;0.5029;2;200;250;0;478.828;458.315;482.454;18;11.6629;0.4292;1.3405;1.1057;1.592
5600111;1;0;4;1;-0.4342;0.5082;-0.7823;0.4418;-0.0102;0.2646;0.5956;-0.699;0.4394;1.0346;1;110;330;55;373.008;325.6;396.545;18;6.2299;0.4698;0.43;0.0753;0.621
5600111;1;0;4;1;-1.4869;0.4951;-0.7823;0.2769;1.1392;0.1806;-0.6283;-0.8282;-0.3584;0.3622;2;100;100;100;407.31;412.929;427.168;18;6.2299;0.4698;0.43;0.0753;0.621
5600112;0;0;5;0;0.4637;-0.3184;-0.7823;0.3362;0.0181;1.1793;0.7803;0.2067;1.314;1.0346;0;150;150;0;433.97;392.136;456.031;23;7.6526;1.2478;-0.0879;0.8504;0.1104
5600112;0;2;6;0;-0.13;0.0348;-0.7823;0.1431;-0.1552;1.1793;0.0301;-0.1278;1.314;1.0346;0;200;200;0;503.93;487.571;492.097;23;7.6526;1.2478;-0.0879;0.8504;0.1104
5600112;1;3;1;1;-0.2006;2.7249;-0.7823;0.24;-0.0102;1.1793;0.3086;-1.6185;-0.2023;1.0346;2;250;200;150;446.3;491.86;471.917;23;7.6526;1.2478;-0.0879;0.8504;0.1104
5600112;0;3;4;0;-1.4242;2.7249;-0.7823;0.1086;-1.8696;1.1793;0.7119;-0.7766;0.7015;1.0346;0;250;200;150;539.677;502.113;524.497;23;7.6526;1.2478;-0.0879;0.8504;0.1104
5600112;0;0;5;1;0.4637;-0.5058;0.8233;-0.8508;-0.7708;-0.9779;-0.2178;-0.9047;1.314;-0.6576;2;0;0;0;375.978;435.926;407.696;23;7.6526;1.2478;-0.0879;0.8504;0.1104
5600112;1;0;6;0;0.4637;0.0311;-0.7823;-0.8316;-1.8696;-0.9165;-0.3422;-0.2971;-2.7106;-0.6576;1;275;220;110;549.337;500.39;506.224;23;7.6526;1.2478;-0.0879;0.8504;0.1104
5600119;1;2;4;1;-0.3799;-0.8245;1.7669;-0.3813;-1.2782;0.2646;-0.2265;-0.5348;-0.2023;-1.0691;1;0;100;0;416.187;352.087;422.117;18;8.0374;0.4292;0.6736;0.813;0.4436
5600120;1;0;6;0;-0.3799;0.1935;0.2907;0.607;0.311;-0.6853;0.909;1.169;-0.1206;0.6364;1;150;250;50;502.603;469.15;560.052;23;11.8706;-0.949;-0.3265;0.0571;-0.3028
5600124;0;2;6;1;-0.0845;0.6818;-0.7823;-0.325;0.4984;1.1793;-0.9861;0.6742;1.314;1.0346;0;250;200;300;603.746;633.797;556.245;23;13.8364;0.265;-0.0963;0.6877;1.1187
5600124;1;3;5;0;0.1097;-0.4415;-0.7823;-0.7231;-0.7708;-0.4903;-0.5003;-0.8808;-0.8998;-0.6576;0;250;200;150;585.347;461.295;526.607;23;13.8364;0.265;-0.0963;0.6877;1.1187
5600124;1;0;5;0;-0.3799;0.3241;-0.7823;0.9634;1.1392;1.1793;0.1571;1.0379;-0.0037;0.6364;0;250;200;350;580.009;568.37;565.709;23;13.8364;0.265;-0.0963;0.6877;1.1187
5600124;0;2;6;0;-0.1558;0.0348;-0.7823;0.0311;0.171;0.7604;-0.2041;0.4381;-0.2023;-1.0691;0;250;200;300;545.062;582.377;493.078;23;13.8364;0.265;-0.0963;0.6877;1.1187
5600127;1;2;5;0;-1.8939;-0.3184;-0.7823;-0.8256;-1.2782;-0.4903;-0.3123;-0.7441;-1.5447;0.6364;1;200;200;50;333.741;382.31;409.063;18;7.8844;-0.9432;-0.3163;0.0753;1.1096
5600128;0;2;4;1;-0.13;-0.2322;-0.7823;0.3279;0.1456;0.0477;0.4614;-0.8273;1.314;1.0346;0;250;200;250;488.915;512.32;532.286;23;11.1773;-0.4907;-0.2968;-1.9255;-2.0013
5600128;1;2;5;0;-0.2459;1.4685;-0.7823;-0.6057;0.2871;-0.4903;-1.1002;-0.1757;1.314;1.0346;0;250;200;250;657.668;649.619;701.37;23;11.1773;-0.4907;-0.2968;-1.9255;-2.0013
5600131;0;2;4;0;-0.7985;-0.1858;-0.7823;-0.2961;-0.2704;1.1793;-0.2389;-0.9208;1.314;1.0346;0;0;100;0;530.312;421.139;476.249;18;10.5222;0.265;0.661;0.8092;1.8745
5600133;0;0;6;0;-0.3799;0.6818;-0.7823;0.3827;-1.2782;1.1793;0.9005;0.8222;-0.3971;1.0346;0;150;200;100;556.529;542.154;509.482;23;5.8392;0.1;1.5435;1.6514;0.4436
5600135;0;2;5;0;-0.3799;-0.0358;-0.7823;0.4174;0.5252;-0.1357;0.4168;-0.0692;-0.7074;-0.6576;0;150;150;200;504.332;574.398;553.267;18;9.0244;-0.1098;0.1077;-0.6866;0.8532
5600138;1;2;3;0;-1.8939;0.6246;0.2907;0.2599;-1.8837;0.7604;1.0197;-0.6481;-0.3971;1.0346;2;0;0;0;344.759;443.214;415.776;13;5.828;-1.4212;0.8242;0.7671;1.1481
5600143;0;2;6;0;-0.687;0.0348;0.2907;0.5986;0.7431;1.1793;-0.0731;0.1603;-0.9828;-0.6576;1;200;250;300;482.381;444.886;446.372;18;7.9175;-1.4212;-1.4551;0.0753;0.1104
5600143;0;2;4;0;-0.7592;0.3241;-0.7823;-0.4185;0.0181;1.1793;-0.7616;-1.1431;0.2148;1.0346;1;0;200;0;392.194;427.362;341.543;18;7.9175;-1.4212;-1.4551;0.0753;0.1104
5600143;1;0;4;1;0.1097;0.4893;-0.7823;-0.3743;-1.8696;0.0477;0.1933;-0.988;0.7015;-0.9122;2;200;200;150;568.1;514.536;418.675;18;7.9175;-1.4212;-1.4551;0.0753;0.1104
5600143;0;2;4;0;0.1097;-0.5707;-0.7823;-0.0264;-0.4463;0.031;0.2122;-0.8408;-0.3082;-1.5824;2;150;200;200;569.383;483.681;488.909;18;7.9175;-1.4212;-1.4551;0.0753;0.1104
5600143;0;3;6;0;-0.687;-0.3184;0.2907;-0.6138;-0.5587;-1.0118;0.0289;-0.4313;-1.3245;1.0346;0;150;250;300;541.507;516.873;486.5;18;7.9175;-1.4212;-1.4551;0.0753;0.1104
5600146;1;2;1;1;-0.4342;-0.5582;-0.7823;-0.738;-0.893;-0.6853;-0.2875;-2.2934;0.0703;-0.6576;1;300;300;800;290.262;257.252;279.612;18;8.5695;0.4698;0.592;1.0435;0.5909
5600146;1;2;0;1;-1.8939;0.6818;-0.7823;-0.4541;-0.4882;-0.4903;-0.2129;-2.3932;-1.7803;1.0346;0;250;250;200;471.095;502.941;543.177;18;8.5695;0.4698;0.592;1.0435;0.5909
5600146;1;2;5;0;0.052;0.1837;-0.7823;0.0175;-0.7708;0.0477;0.5714;-0.5384;-0.0348;-0.6576;1;500;500;500;412.624;523.218;479.206;18;8.5695;0.4698;0.592;1.0435;0.5909
5600146;1;2;3;1;-0.7592;-0.2159;-0.7823;-0.97;-1.8696;-0.3792;-0.6283;-1.157;1.314;-0.6576;0;300;300;0;460.564;437.371;416.381;18;8.5695;0.4698;0.592;1.0435;0.5909
5600146;1;0;4;1;-0.687;2.7249;-0.7823;-0.6576;-0.7097;-0.1357;-0.325;-0.9761;0.385;1.0346;2;500;0;500;399.859;399.111;454.063;18;8.5695;0.4698;0.592;1.0435;0.5909
5600146;1;2;6;1;-0.2006;0.6862;-0.7823;0.6405;-0.3069;1.1793;1.2517;1.1666;0.6259;1.0346;2;300;250;0;360.683;350.928;382.265;18;8.5695;0.4698;0.592;1.0435;0.5909
5600146;1;2;6;1;-0.687;-0.4415;-0.7823;-0.1702;-0.893;-0.1357;0.0086;-0.409;-0.8065;-0.6576;2;150;200;0;528.696;506.567;522.484;18;8.5695;0.4698;0.592;1.0435;0.5909
5600146;1;0;3;1;0.4637;0.4846;0.2907;-0.3504;-1.5878;-0.8773;0.1696;-0.8837;-0.2023;-0.6576;0;300;0;0;336.737;379.615;350.977;18;8.5695;0.4698;0.592;1.0435;0.5909
5600146;1;0;4;1;0.1097;-0.1843;1.8279;0.4948;-1.8696;1.1793;0.9889;-0.6202;-0.1719;1.0346;1;250;250;350;613.874;581.339;568.207;18;8.5695;0.4698;0.592;1.0435;0.5909
5600146;1;2;4;1;-1.8939;0.6738;0.8615;-0.2391;-0.4961;-0.1357;0.0231;-0.6704;-1.1481;0.6402;2;250;200;50;441.343;525.874;479.707;18;8.5695;0.4698;0.592;1.0435;0.5909
5600146;1;0;2;1;-0.6133;-0.6659;1.2618;-0.6888;-0.4882;0.0477;-0.7228;-1.7503;-2.7106;-1.2947;0;150;250;0;456.061;404.015;398.827;18;8.5695;0.4698;0.592;1.0435;0.5909
5600146;1;2;6;0;0.5949;-0.4586;0.7294;0.2184;-0.5946;1.1793;0.3007;0.3993;-1.2881;-0.6576;2;200;200;50;451.649;403.631;434.16;18;8.5695;0.4698;0.592;1.0435;0.5909
5600152;0;2;4;1;0.4637;-0.0553;0.2907;0.0611;0.6302;-0.6853;-0.092;-0.73;0.2485;0.5029;2;0;100;0;384.104;387.189;444.059;28;6.6279;-1.4212;-1.4551;1.1728;-1.4614
5600152;0;2;4;1;0.4637;-0.9111;1.0457;0.0683;0.0181;0.0477;-0.0979;-0.5877;1.314;-0.6576;2;150;200;50;297.568;381.535;370.498;28;6.6279;-1.4212;-1.4551;1.1728;-1.4614
5600154;1;0;6;0;-1.8939;0.4893;2.07;0.4971;-1.2782;1.1793;1.6794;1.061;1.314;-0.6576;1;250;200;350;525.144;442.862;490.083;23;12.7723;-0.6884;0.2633;-0.4881;0.1104
5600154;0;0;6;0;0.4637;0.3018;-0.7823;0.9142;0.9533;-0.1357;0.4545;1.3905;-0.9422;1.0346;0;250;200;150;532.929;558.196;604.984;23;12.7723;-0.6884;0.2633;-0.4881;0.1104
5600154;1;0;6;0;-0.2006;0.0348;1.1211;-0.2838;-0.7708;-1.0118;0.318;0.5667;-0.3882;-1.0657;0;250;200;150;658.554;661.029;704.172;23;12.7723;-0.6884;0.2633;-0.4881;0.1104
5600154;0;3;5;0;0.8794;0.2159;-0.7823;-0.3292;-0.7097;1.1793;-0.2473;-0.2846;-2.0248;0.2169;0;200;200;150;525.132;501.458;542.235;23;12.7723;-0.6884;0.2633;-0.4881;0.1104
5600156;0;2;4;0;-0.687;0.3241;-0.7823;-0.5489;-1.8696;0.0477;-0.1439;-1.4195;-0.8998;-0.6576;0;200;200;150;491.416;508.082;519.414;23;2.9153;0.0686;1.5683;-0.2145;1.4073
5600164;1;2;6;1;-1.4242;0.2243;1.2618;-0.6118;-1.8696;1.1793;-0.3672;0.1973;1.314;-0.67;1;150;200;0;384.533;427.999;449.991;18;10.7967;-0.4907;-0.0963;-0.4182;0.8532
5600167;0;0;2;0;0.4637;-1.3251;-0.7823;0.7308;0.1757;1.1793;0.8734;-0.5061;-0.5488;-0.6576;0;250;200;300;516.731;595.334;559.885;18;7.2704;-0.3123;0.661;0.0753;0.1104
5600167;0;0;4;1;-1.1597;-1.242;0.2907;-0.333;-1.8696;1.1793;-0.3092;-1.0185;0.1274;-0.6576;2;45;90;180;387.373;347.092;340.977;18;7.2704;-0.3123;0.661;0.0753;0.1104
5600172;0;2;4;1;-0.687;-0.0845;-0.7823;-1.0869;-1.8696;-0.1357;-0.6224;-1.2739;-0.2023;-0.6576;0;150;200;50;384.364;344.861;323.14;18;7.5556;-0.3123;1.872;1.381;1.1187
5600172;1;2;5;1;-0.687;-0.5582;-0.7823;-0.9039;-1.8696;-1.6618;0.2766;-0.5791;-1.2301;-0.6576;1;0;100;0;355.369;319.667;380.429;18;7.5556;-0.3123;1.872;1.381;1.1187
5600172;1;2;6;0;0.052;-0.9638;2.0051;-0.1891;-1.2782;1.1793;-0.0494;-0.4143;-0.6951;-1.0724;2;250;200;300;396.449;259.026;478.731;18;7.5556;-0.3123;1.872;1.381;1.1187
5600172;1;2;6;1;-1.8939;0.3018;-0.7823;-0.9173;-1.2782;-2.8022;0.1419;-0.7661;0.4394;-1.3914;2;0;100;0;315.174;252.011;379.178;18;7.5556;-0.3123;1.872;1.381;1.1187
5600172;0;3;6;0;-1.8939;-1.4949;-0.7823;-1.2451;-1.8696;-0.6853;-0.5978;-0.6996;-0.9422;0.6364;1;0;100;0;344.498;415.313;368.795;18;7.5556;-0.3123;1.872;1.381;1.1187
5600173;1;0;6;1;-0.687;0.6738;0.8615;0.6214;-0.2704;1.1793;0.6353;0.1219;0.1694;1.0346;0;180;180;120;454.458;406.528;410.245;18;9.2576;0.4292;0.353;0.8092;1.3977
5600173;1;3;6;1;-1.059;0.9517;1.2618;-0.5118;-1.2782;-1.0118;0.2593;0.4437;-0.9828;1.0346;2;100;200;0;397.636;423.554;335.049;18;9.2576;0.4292;0.353;0.8092;1.3977
5600173;0;2;6;1;-1.1858;1.4903;0.1462;-0.2028;-1.8696;-0.4903;0.5544;-0.4106;1.314;1.0346;1;135;225;90;412.053;471.101;324.571;18;9.2576;0.4292;0.353;0.8092;1.3977
5600173;0;2;4;1;-0.13;0.3241;1.2327;-0.6371;-0.7097;1.1793;-0.4137;-0.4185;-1.3583;1.0346;1;200;200;200;457.027;488.389;404.441;18;9.2576;0.4292;0.353;0.8092;1.3977
5600174;0;0;6;1;-1.8939;-1.2605;-0.7823;1.3122;0.5252;1.1793;1.5649;0.4142;1.314;-1.5824;1;200;200;0;361.271;320.561;317.349;18;8.8325;0.1;0.8371;0.0753;0.8468
5600174;0;2;4;0;-1.1597;-0.642;0.8233;0.3883;-0.893;0.2646;0.9497;0.4445;-0.8998;-0.9197;2;105;120;75;346.671;328.736;346.872;18;8.8325;0.1;0.8371;0.0753;0.8468
5600174;0;0;6;1;1.8905;0.9423;0.2907;-0.1387;-0.0809;1.1793;-0.3076;-0.2314;1.314;0.6364;1;150;150;200;363.586;335.911;323.52;18;8.8325;0.1;0.8371;0.0753;0.8468
5600174;1;0;2;1;-0.687;-0.3184;-0.7823;0.0398;-0.893;-0.4903;0.6618;-1.1348;1.314;-0.6576;1;150;200;100;437.876;444.694;423.965;18;8.8325;0.1;0.8371;0.0753;0.8468
5600174;1;0;5;1;1.8905;0.1988;0.1462;1.0663;0.9533;1.1793;1.1431;1.0682;-0.1512;1.0346;1;200;200;100;447.352;308.595;392.304;18;8.8325;0.1;0.8371;0.0753;0.8468
5600180;0;2;6;0;0.1097;-0.7814;-0.7823;0.3307;0.171;-0.1357;0.5318;1.0614;-0.7453;-0.6576;2;250;200;500;536.513;510.203;547.097;23;11.1605;-0.0672;-1.4551;0.0753;-0.5418
5600180;1;0;6;0;1.4083;-0.0358;0.8233;1.2313;1.8415;1.1793;0.5481;0.3668;-0.5488;-1.3939;2;200;250;200;567.367;460.245;506.859;23;11.1605;-0.0672;-1.4551;0.0753;-0.5418
5600181;0;2;6;1;0.4637;-0.3184;0.7703;0.8754;0.2589;0.0477;1.1782;0.4144;0.4522;-2.0819;2;200;200;100;509.248;518.38;518.417;23;13.4788;-0.4562;0.43;0.6877;-0.3028
5600182;0;3;3;1;0.1097;0.6738;0.2907;-0.7911;-0.0102;-2.8259;0.2098;-1.1172;0.7628;-0.6576;2;250;250;150;411.284;459.703;432.523;18;9.3548;-1.4212;0.592;0.8092;0.4436
5600182;0;0;4;0;-0.6133;0.3349;-0.7823;0.0618;-0.4961;1.1793;0.1428;-0.8035;-0.3971;0.2127;2;200;200;100;591.761;494.109;568.575;18;9.3548;-1.4212;0.592;0.8092;0.4436
5600182;0;2;6;1;-0.2006;-0.8633;1.203;-0.8761;0.2589;-0.9649;-0.8873;-0.7487;-0.7857;-1.6735;2;250;250;50;370.745;269.722;341.861;18;9.3548;-1.4212;0.592;0.8092;0.4436
5600182;0;2;5;0;-1.8939;0.6818;-0.7823;-0.7816;-0.7097;0.0477;-0.6144;-0.5165;0.0838;1.0346;0;200;200;100;473.492;409.89;391.043;18;9.3548;-1.4212;0.592;0.8092;0.4436
5600184;0;2;6;0;-0.687;-0.4415;-0.7823;0.4828;-0.1552;1.1793;0.7734;0.8022;-1.174;-0.6576;2;200;200;200;377.444;349.744;323.339;13;6.2283;0.7889;0.5734;1.381;1.5144
5600184;0;2;4;0;-0.687;-0.3184;-0.7823;0.632;-0.1552;-0.5668;2.6216;0.6298;-2.7106;-1.5824;2;500;150;200;409.488;346.522;379.396;13;6.2283;0.7889;0.5734;1.381;1.5144
5600190;0;2;2;0;0.4637;0.3332;-0.7823;0.2661;0.2871;1.1793;-0.1082;-1.1638;-0.1206;1.0346;0;200;200;150;573.737;638.908;585.567;23;11.8864;-1.4212;-1.4551;-0.4881;0.1228
5600191;1;0;6;0;0.052;-0.0358;-0.7823;-0.7187;-0.893;-0.4903;-0.5779;-0.5405;-2.1007;1.0346;0;225;180;180;609.592;604.422;607.924;23;9.6712;0.1;0.43;0.6877;0.7083
5600194;0;2;6;0;-1.8939;-0.2649;0.2907;0.642;0.6302;1.1793;0.2875;0.3665;1.314;-0.6576;1;150;200;0;490.882;428.149;424.68;18;10.7967;-0.4907;-0.0963;-0.4182;0.8532
5600194;1;0;6;0;0.9109;-0.9111;1.1928;0.6477;1.3903;0.1806;-0.1094;0.9344;-0.2023;-0.6576;1;150;200;50;489.151;470.751;423.126;18;10.7967;-0.4907;-0.0963;-0.4182;0.8532
5600200;0;0;6;0;-0.4342;0.6818;-0.7823;0.6135;0.7431;1.1793;-0.3092;0.8765;-1.1481;1.0346;0;250;200;150;684.188;678.391;640.34;23;12.1103;-0.6884;0.43;0.0753;0.1104
5600201;0;2;6;0;-0.3799;0.6818;-0.7823;-0.4557;-1.8696;0.0477;-0.0852;-0.3644;-0.7366;-0.6576;1;200;200;150;572.291;626.252;597.85;18;11.8375;-0.6884;0.9861;0.0753;0.4436
5600201;1;2;4;0;0.4637;2.7249;-0.7823;0.0405;-0.4961;1.1793;0.3852;-0.9489;-0.2023;1.0346;2;250;200;150;625.732;576.371;581.422;18;11.8375;-0.6884;0.9861;0.0753;0.4436
5600201;0;2;4;1;-0.3799;-0.3184;-0.7823;-0.3828;0.2871;1.1793;-0.7862;-1.0181;-0.7074;1.0346;0;250;200;150;490.456;536.723;540.56;18;11.8375;-0.6884;0.9861;0.0753;0.4436
5600201;0;2;2;1;1.1911;-1.475;0.2907;0.1433;0.6684;1.1793;-0.2609;-1.3863;-0.7659;1.0346;1;250;200;500;405.948;482.522;438.358;18;11.8375;-0.6884;0.9861;0.0753;0.4436
5600201;1;2;4;1;-0.2006;1.4685;0.2907;-0.4107;-0.4961;0.0477;-0.0393;-0.5082;-0.7857;0.6364;1;200;200;150;534.236;499.939;540.595;18;11.8375;-0.6884;0.9861;0.0753;0.4436
5600203;0;2;6;1;1.8905;-0.2062;-0.7823;-0.0763;-0.7708;1.1793;0.3115;0.628;-0.5778;-0.6576;2;250;200;300;536.81;494.552;535.657;23;11.2028;-1.4212;-1.4551;0.7671;0.6295
5600203;1;0;4;0;-0.3799;-0.445;1.5082;-0.906;-1.2782;-0.4903;-0.5858;-1.0739;-0.5488;-0.6576;0;225;180;135;614.134;649.291;580.321;23;11.2028;-1.4212;-1.4551;0.7671;0.6295
5600203;1;0;6;0;0.4637;-0.3184;-0.7823;0.2473;1.8415;-0.1357;-1.1002;0.5045;-0.9422;-0.6576;0;220;220;165;636.219;690.142;650.063;23;11.2028;-1.4212;-1.4551;0.7671;0.6295
5600203;1;2;6;1;-1.0109;0.9517;-0.7823;-0.2776;-1.8696;1.1793;-0.1596;-0.2717;-0.8905;0.5029;1;275;220;165;561.654;506.581;579.658;23;11.2028;-1.4212;-1.4551;0.7671;0.6295
5600214;0;0;5;0;1.8905;-0.9165;-0.7823;0.8403;0.7386;0.031;0.839;0.1097;-0.1512;1.0346;1;200;200;150;478.259;417.943;444.034;13;6.7253;0.6143;0.5854;1.3327;0.6703
5600219;0;2;4;1;0.052;0.6818;-0.7823;-1.1215;-1.8696;-0.4903;-0.7552;-1.4524;0.7628;1.0346;0;200;200;150;598.893;655.429;567.508;18;11.0085;0.8006;0.43;0.1449;0.1104
5600219;0;0;6;1;1.4083;-0.466;1.7926;-1.1001;-1.2782;-1.3835;-0.3171;-0.6383;-2.7106;-1.3939;2;200;200;0;495.128;542.245;491.899;18;11.0085;0.8006;0.43;0.1449;0.1104
5600219;1;2;6;0;-0.3288;-0.4415;-0.7823;0.8422;1.8415;0.0477;0.0649;1.2495;-1.1846;1.0346;1;200;200;150;527.958;625.658;568.416;18;11.0085;0.8006;0.43;0.1449;0.1104
5600224;0;2;4;0;0.4637;-0.4509;-0.7823;-0.0154;-0.229;0.0477;-0.1717;-0.8361;-1.3245;1.0346;1;250;200;350;519.417;605.678;548.424;23;13.7333;-0.9432;-0.5869;-0.6163;-1.5842
5600226;1;2;6;1;-1.2792;0.4951;0.8615;-1.1565;-0.4882;-1.25;-0.6702;-0.4647;-1.1481;1.0346;1;180;225;360;376.839;385.721;420.401;18;6.6803;0.7566;1.5435;2.4211;1.1096
5600226;0;2;6;0;0.5949;-0.1562;-0.7823;-0.4676;-1.8696;0.0477;-0.0589;-0.4342;-0.8905;0.2127;2;200;250;150;525.507;463.721;480.683;18;6.6803;0.7566;1.5435;2.4211;1.1096
5600226;0;2;4;0;1.8905;-1.2605;-0.7823;0.5515;0.0181;1.1793;0.5837;-0.7326;-0.2023;1.0346;0;275;275;330;487.692;470.051;418.37;18;6.6803;0.7566;1.5435;2.4211;1.1096
5600226;1;2;6;1;0.2734;0.3734;-0.7823;-0.8141;-0.4463;-1.0527;-0.1746;0.3158;-1.555;-0.6576;2;275;275;0;369.486;400.849;373.317;18;6.6803;0.7566;1.5435;2.4211;1.1096
5600226;1;2;4;1;-0.9823;0.6818;-0.7823;0.6801;-0.893;-0.6853;2.6216;-0.5974;-0.8998;-1.1847;1;250;250;50;437.418;316.256;384.088;18;6.6803;0.7566;1.5435;2.4211;1.1096
5600226;1;2;5;0;-0.2459;-0.8575;-0.7823;0.0394;0.0181;1.1793;-0.1305;-0.2292;0.6259;0.2127;1;200;250;350;473.524;453.936;459.111;18;6.6803;0.7566;1.5435;2.4211;1.1096
5600226;1;2;4;1;-0.3799;-0.8668;0.2308;-0.0734;-0.7708;0.0477;0.6447;0.1983;0.4394;-0.6576;2;200;250;50;416.675;374.397;390.838;18;6.6803;0.7566;1.5435;2.4211;1.1096
5600226;1;2;4;1;-1.8939;0.9782;-0.7823;0.34;-0.2638;0.0477;0.6576;0.2584;-0.3971;0.2127;2;600;480;360;430.971;337.804;372.535;18;6.6803;0.7566;1.5435;2.4211;1.1096
5600226;0;2;6;0;-1.1597;0.319;0.8615;-0.52;-0.7708;-0.1357;-0.2129;0.4402;-0.3971;1.0346;0;250;250;250;470.091;494.259;524.468;18;6.6803;0.7566;1.5435;2.4211;1.1096
5600226;0;2;1;1;-0.4342;0.6818;-0.7823;0.2552;-0.2704;1.1793;0.5807;-1.1615;-0.1719;0.3622;1;200;300;50;409.022;355.253;375.981;18;6.6803;0.7566;1.5435;2.4211;1.1096
5600226;1;0;6;1;-1.8939;-0.0693;0.2907;0.4956;0.4984;1.1793;0.3264;0.87;-1.1176;1.0346;2;250;300;150;362.104;448.612;362.637;18;6.6803;0.7566;1.5435;2.4211;1.1096
5600226;0;2;6;1;-0.0845;-0.7321;0.2907;-1.0143;-0.1552;-1.0752;-0.9082;0.1608;-0.6262;0.6364;2;200;300;0;416.643;479.402;426.224;18;6.6803;0.7566;1.5435;2.4211;1.1096
5600226;1;2;4;1;0.4637;-0.4415;1.203;-0.3954;0.0232;0.1806;-1.1002;-0.368;-2.0248;-1.1847;2;200;250;150;478.546;351.969;394.274;18;6.6803;0.7566;1.5435;2.4211;1.1096
5600226;0;2;3;0;1.8905;-0.8824;1.1928;-0.7082;0.1453;0.0477;-1.4545;-1.1741;-0.9734;0.6364;2;200;250;150;489.759;436.945;447.681;18;6.6803;0.7566;1.5435;2.4211;1.1096
5600226;1;3;4;0;-0.3799;-0.4415;-0.7823;-1.2148;-1.2782;-1.8925;-0.3965;-1.4801;-0.5575;-0.6576;2;250;250;300;594.111;490.306;469.365;18;6.6803;0.7566;1.5435;2.4211;1.1096
5600228;1;2;4;1;-1.2319;0.9683;0.2907;-0.1743;-0.7097;1.1793;-0.1384;-0.8235;1.314;1.0346;1;300;300;0;372.203;268.066;299.933;23;7.5068;0.4292;0.436;1.2266;1.3977
5600228;0;0;6;1;0.1097;0.4629;-0.7823;0.3596;0.8205;1.1793;-0.1464;0.8125;1.314;1.0346;0;180;540;90;292.105;332.378;325.987;23;7.5068;0.4292;0.436;1.2266;1.3977
5600229;1;0;0;1;-0.9823;-0.445;1.1211;1.0677;0.421;1.1793;1.3504;-1.5528;0.1694;-1.3914;2;100;100;0;383.234;262.239;368.07;13;6.5422;-0.6884;0.43;-0.094;0.8447
5600229;1;3;4;0;1.0671;0.9683;-0.7823;-0.1877;-0.4882;1.1793;-0.3601;-1.0455;0.6259;1.0346;0;100;100;100;432.115;377.032;425.892;13;6.5422;-0.6884;0.43;-0.094;0.8447
5600229;1;3;6;0;-0.7592;-0.9879;1.4454;-0.7249;-0.7708;-0.1357;-0.4012;-1.373;0.6259;-1.58;2;280;210;140;464.137;276.068;397.365;13;6.5422;-0.6884;0.43;-0.094;0.8447
5600229;1;2;5;0;-0.9295;-0.7876;-0.7823;0.0436;0.1456;1.1793;-0.3515;-0.4033;1.314;0.3622;0;100;100;0;422.932;326.257;348.033;13;6.5422;-0.6884;0.43;-0.094;0.8447
5600233;1;0;4;0;-1.1858;-0.4415;0.2907;-1.1006;-0.7708;0.0477;-1.3469;-0.9694;-0.3082;-1.1847;0;200;200;150;588.865;598.061;548.121;23;14.8372;-0.4447;0.3466;-0.6866;0.8468
5600234;1;0;5;1;-0.7592;0.1685;1.5436;0.4302;-0.1552;0.1806;0.8356;-0.3831;1.314;1.0346;1;200;200;100;547.739;441.959;444.487;18;12.7282;0.9905;1.75;0.744;1.4073
5600234;1;0;2;0;0.5949;0.0348;0.2907;-0.5986;-1.2782;-0.6122;-0.1563;-1.4723;-0.7074;-0.6576;0;165;220;110;438.825;392.481;436.408;18;12.7282;0.9905;1.75;0.744;1.4073
5600234;0;0;3;0;-1.8939;0.9683;0.8615;-0.3907;-0.7708;0.6763;-0.1702;-0.7627;-0.5;-0.6576;1;200;200;100;433.981;481.404;474.567;18;12.7282;0.9905;1.75;0.744;1.4073
5600234;0;0;1;1;0.052;-0.7764;0.2907;-0.4666;-1.8696;1.1793;-0.2212;-2.1254;0.7628;-0.6576;1;250;200;100;432.319;470.984;406.824;18;12.7282;0.9905;1.75;0.744;1.4073
5600236;1;0;3;0;-1.1858;-0.3184;-0.7823;-0.177;-1.2782;0.0477;0.2883;-0.3929;-0.3971;-0.6576;1;275;165;275;483.716;425.549;474.285;23;10.4211;-1.4212;-0.3163;0.0753;0.6978
5600236;0;2;6;0;-0.2006;-0.1808;-0.7823;-0.5694;-0.7708;1.1793;-0.6036;0.274;-0.013;1.0346;2;250;200;300;423.388;452.978;459.46;23;10.4211;-1.4212;-0.3163;0.0753;0.6978
5600236;0;0;5;0;-1.4242;0.6818;-0.7823;-0.3842;-1.2782;-0.4903;-0.0589;-0.6394;-0.7475;-0.6576;0;250;250;300;508.181;613.672;548.657;23;10.4211;-1.4212;-0.3163;0.0753;0.6978
5600236;0;2;4;0;0.4637;-0.0185;-0.7823;0.1498;0.0181;1.1793;0.1295;-0.7321;-0.7894;0.2127;0;250;200;300;520.93;591.385;564.971;23;10.4211;-1.4212;-0.3163;0.0753;0.6978
5600237;1;0;6;0;-1.8939;-3.2367;-0.7823;1.265;0.6302;1.1793;1.5273;1.3471;1.314;1.0346;0;250;200;200;627.815;531.675;606.047;18;14.2222;-0.0672;-0.0097;-0.2514;0.4436
5600240;0;2;4;1;-0.3799;0.3018;-0.7823;-0.9383;-0.7097;-0.7794;-0.5448;-1.3631;0.2485;-0.6576;2;180;240;240;429.619;452.72;404.605;18;6.8432;0.0574;0.43;1.0435;-1.4494
5600244;1;0;6;0;-0.3799;0.3241;-0.7823;-0.3291;-1.2782;0.0477;0.12;0.521;-2.7106;0.6364;0;250;200;300;530.4;548.036;505.416;23;12.1587;-0.4839;-1.4551;-0.5965;-1.1289
5600244;0;0;5;0;-0.687;-0.3184;-0.7823;0.3089;-0.4961;0.6763;0.6076;0.6818;-1.3345;-0.6576;1;250;200;300;543.385;601.204;599.789;23;12.1587;-0.4839;-1.4551;-0.5965;-1.1289
5600244;1;0;6;0;-0.13;0.6818;1.5346;0.4695;-0.2704;-0.3487;0.7824;0.9102;-2.7106;-0.6576;1;250;200;300;514.921;527.312;581.141;23;12.1587;-0.4839;-1.4551;-0.5965;-1.1289
5600244;0;0;4;1;-0.687;-0.3184;-0.7823;0.1048;-0.7708;1.1793;0.6194;-0.6534;-1.0266;0.5029;0;220;220;0;479.57;372.954;445.891;23;12.1587;-0.4839;-1.4551;-0.5965;-1.1289
5600244;1;0;6;0;-0.3799;0.9683;-0.7823;0.5953;0.311;0.0477;0.6535;1.2858;-1.3345;1.0346;0;250;250;300;542.206;497.265;480.774;23;12.1587;-0.4839;-1.4551;-0.5965;-1.1289
5600244;1;0;6;0;0.0208;-0.5635;1.5082;0.6203;-0.5946;-0.8449;1.9779;1.0524;-0.9422;-1.3939;0;250;250;300;629.216;633.821;744.601;23;12.1587;-0.4839;-1.4551;-0.5965;-1.1289
5600244;0;0;6;0;-0.1748;-0.0358;0.7703;0.2982;-0.2704;0.0477;0.4917;0.9801;-0.2023;1.0346;1;250;200;400;604.965;627.818;644.313;23;12.1587;-0.4839;-1.4551;-0.5965;-1.1289
5600244;0;0;6;0;-0.9598;-0.5879;-0.7823;-0.2357;-1.8696;1.1793;-0.1337;0.7509;-1.3119;1.0346;1;200;200;150;547.651;504.456;604.011;23;12.1587;-0.4839;-1.4551;-0.5965;-1.1289
5600245;0;2;5;0;-0.2006;-0.4509;-0.7823;-1.0274;-1.8696;-1.0118;-0.5146;-0.7813;-0.2023;-0.6576;0;200;200;200;587.601;632.63;618.371;23;13.1597;0.3885;1.5435;-0.0048;0.8532
5600245;0;2;2;0;0.4637;0.3018;0.2907;-0.628;-1.8696;1.1793;-0.6422;-1.7246;1.314;-1.5824;2;200;200;100;572.554;528.05;515.524;23;13.1597;0.3885;1.5435;-0.0048;0.8532
5600246;0;2;4;0;0.9109;-0.9165;0.2907;-0.2462;0.8011;-0.2116;-0.8258;-0.8866;1.314;-0.6576;2;165;165;110;331.49;398.633;322.167;18;8.3099;0.0574;0.43;-0.0048;0.7083
5600246;1;2;4;0;0.5949;-0.4509;-0.7823;-1.01;-1.8696;0.0477;-0.926;-0.9966;1.314;1.0346;1;250;200;550;530.855;604.273;573.56;18;8.3099;0.0574;0.43;-0.0048;0.7083
5600253;1;2;6;1;0.176;0.6678;-0.7823;0.0095;-0.1552;1.1793;0.2949;-0.1502;-1.2781;1.0346;0;200;250;0;450.853;438.716;388.314;18;5.8728;1.2048;0.2633;-0.0048;0.1104
5600253;1;2;6;1;-0.13;-0.77;1.1625;0.1114;-0.4463;-0.5492;0.8531;-0.2873;-1.1481;-0.6576;0;360;360;360;375.549;286.426;320.426;18;5.8728;1.2048;0.2633;-0.0048;0.1104
5600254;0;3;5;0;-0.9823;0.6818;-0.7823;0.5053;0.9533;1.1793;-0.1374;-0.1327;0.4522;1.0346;0;200;200;200;497.45;551.617;553.972;23;13.151;-0.4873;0.6736;0.0753;0.7083
5600254;0;3;6;0;0.052;-0.8484;0.1462;0.4442;1.1392;1.1793;-0.7038;1.1667;0.481;1.0346;1;250;200;150;611.468;688.689;647.695;23;13.151;-0.4873;0.6736;0.0753;0.7083
5600256;1;3;2;1;0.1097;-0.8794;-0.7823;-1.0059;-0.2638;-1.5971;-0.8941;-1.8727;-2.7106;-2.4468;2;70;140;0;452.366;399.003;333.538;13;6.0396;-0.2376;0.3466;1.0435;0.8532
5600256;1;0;4;0;0.1097;0.0348;-0.7823;-0.726;-1.8696;-0.5668;0.0646;-0.8937;1.314;0.2127;1;300;150;500;590.003;529.069;517.81;13;6.0396;-0.2376;0.3466;1.0435;0.8532
5600256;1;3;0;1;1.1911;-0.7941;0.7703;-1.2354;-0.7708;-1.8925;-0.0964;-2.9317;-2.1007;0.2127;1;0;0;0;440.657;314.722;396.402;13;6.0396;-0.2376;0.3466;1.0435;0.8532
5600256;1;1;6;0;-0.687;-0.6659;1.2327;2.6919;1.1392;1.1793;2.4682;1.5299;-0.7074;-0.6576;0;250;200;150;470.213;501.262;514.989;13;6.0396;-0.2376;0.3466;1.0435;0.8532
5600256;1;2;5;0;-1.8939;0.052;0.7294;0.3673;-0.0753;1.1793;0.3928;1.1146;-0.1719;-1.1847;2;275;275;275;396.748;264.382;355.764;13;6.0396;-0.2376;0.3466;1.0435;0.8532
5600256;0;3;1;0;1.8905;2.7249;-0.7823;-1.1894;-0.7708;-0.6853;-0.7792;-2.2878;1.314;0.6364;2;300;200;0;359.567;347.285;448.204;13;6.0396;-0.2376;0.3466;1.0435;0.8532
5600256;1;2;4;0;-1.8939;2.7249;-0.7823;-0.8491;-0.7708;-1.6618;0.1798;-1.1024;1.314;0.2127;1;50;600;0;377.178;442.588;431.718;13;6.0396;-0.2376;0.3466;1.0435;0.8532
5600258;1;2;4;0;0.052;-0.3184;0.2907;0.2119;0.3939;1.1793;-0.0863;-0.7668;0.2485;0.2169;0;200;200;100;519.81;536.531;497.594;18;1.8182;-0.6844;-0.1776;-0.5176;0.1104
5600261;0;3;1;1;-1.1858;0.6818;0.2907;-0.5925;-0.7708;-0.7806;-0.0941;-2.1905;-0.3082;-0.6576;2;250;200;300;465.643;470.594;427.353;23;10.4483;1.4743;0.43;-0.0341;0.1104
5600261;0;1;4;0;-0.3799;-0.4509;-0.7823;0.0355;-0.229;1.1793;-0.1717;0.1476;-1.0628;0.2127;0;250;200;300;553.786;565.454;583.484;23;10.4483;1.4743;0.43;-0.0341;0.1104
5600262;1;0;6;1;-0.2006;0.6818;-0.7823;0.3993;0.4984;1.1793;0.3746;0.6111;-0.5575;1.0346;0;100;100;0;382.264;281.341;365.533;18;2.6375;-1.4212;0.2633;0.0753;0.5909
5600262;1;0;5;0;-0.13;-0.6659;1.1625;1.4358;1.8415;1.1793;1.2426;1.0617;-0.7074;-1.5824;0;100;100;0;424.707;392.009;474.99;18;2.6375;-1.4212;0.2633;0.0753;0.5909
5600262;1;0;5;0;-0.687;0.6818;0.2907;0.2525;-0.7708;1.1793;0.4917;0.0433;-0.5575;-0.6576;0;100;100;0;482.861;446.912;504.934;18;2.6375;-1.4212;0.2633;0.0753;0.5909
5600262;1;2;6;1;-1.059;-0.451;-0.7823;0.1334;-1.2782;-0.5012;1.136;0.9071;-2.0248;1.0346;0;20;20;0;530.194;432.604;372.171;18;2.6375;-1.4212;0.2633;0.0753;0.5909
5600262;1;0;6;0;-1.8939;1.4903;-0.7823;0.4572;-0.893;-0.8243;1.696;0.9047;-0.5284;-0.6576;0;100;100;0;456.986;319.876;377.325;18;2.6375;-1.4212;0.2633;0.0753;0.5909
5600262;1;3;6;1;-1.8939;-0.4173;1.2618;0.8488;0.311;0.1806;1.7144;0.8517;-1.1481;-0.6576;1;100;100;0;476.968;304.748;341.343;18;2.6375;-1.4212;0.2633;0.0753;0.5909
5600262;1;0;3;0;-0.2006;-0.6659;-0.7823;-0.076;-1.8696;-1.1443;1.0238;-0.7794;-0.5488;-1.0657;0;100;100;0;520.079;523.271;567.581;18;2.6375;-1.4212;0.2633;0.0753;0.5909
5600262;1;0;6;0;-0.687;-0.1657;-0.7823;0.0039;-0.7708;-0.8243;0.7057;0.5417;-1.1176;-0.6576;0;100;100;0;419.823;410.367;404.261;18;2.6375;-1.4212;0.2633;0.0753;0.5909
5600262;1;0;6;1;-0.9295;0.4893;-0.7823;-1.1979;-0.4882;-0.5463;-1.4332;-0.8435;-1.1481;-2.4468;0;100;100;0;506.142;430.557;491.363;18;2.6375;-1.4212;0.2633;0.0753;0.5909
5600262;1;0;4;0;-1.4869;-0.4602;-0.7823;-0.2819;-1.8696;0.2646;0.3055;-0.6365;-1.1053;-0.6576;0;100;100;0;501.535;397.211;474.227;18;2.6375;-1.4212;0.2633;0.0753;0.5909
5600262;1;0;5;0;-0.687;1.4685;-0.7823;-0.0191;-0.4961;0.1806;0.1105;0.2915;-0.1931;-2.4468;0;100;100;0;400.871;394.913;408.819;18;2.6375;-1.4212;0.2633;0.0753;0.5909
5600262;1;0;4;0;-0.2006;-0.3184;-0.7823;-0.4656;-1.8696;0.0477;0.0101;-1.0135;-0.3882;0.3622;1;100;100;0;490.914;371.147;421.467;18;2.6375;-1.4212;0.2633;0.0753;0.5909
5600262;1;0;6;1;0.4637;0.0577;-0.7823;0.6899;0.0232;0.2646;1.3627;0.4995;-0.7769;-1.5824;2;100;100;0;334.804;313.443;372.325;18;2.6375;-1.4212;0.2633;0.0753;0.5909
5600262;0;3;4;0;-1.8939;-1.2605;-0.7823;0.1023;-1.8696;-1.7306;2.6216;-0.6034;1.314;-2.4468;2;170;170;0;383.182;328.773;371.926;18;2.6375;-1.4212;0.2633;0.0753;0.5909
5600262;1;0;5;0;0.052;-0.0509;-0.7823;0.5574;0.0232;1.1793;0.7062;0.4334;-0.9214;-0.6576;0;100;100;0;462.315;317.474;428.108;18;2.6375;-1.4212;0.2633;0.0753;0.5909
5600262;1;0;5;0;-0.687;-0.9351;-0.7823;0.8494;0.7679;1.1793;0.625;0.544;-0.2023;-1.5824;0;100;100;0;447.674;339.288;485.473;18;2.6375;-1.4212;0.2633;0.0753;0.5909
5600262;1;0;6;1;-1.8939;-1.2605;-0.7823;0.6018;0.0181;0.2646;0.8665;0.2862;1.314;1.0346;0;100;100;0;371.494;293.225;383.13;18;2.6375;-1.4212;0.2633;0.0753;0.5909
5600262;1;0;6;1;-0.687;-0.5665;1.7669;-0.0964;-0.38;-0.5089;0.2315;0.2771;1.314;-0.6576;0;100;100;0;514.887;518.799;519.459;18;2.6375;-1.4212;0.2633;0.0753;0.5909
5600262;1;0;4;0;-1.8939;0.3241;-0.7823;0.0762;-1.8696;-0.4396;1.0459;-0.338;1.314;-0.6576;1;100;100;0;445.901;340.19;444.559;18;2.6375;-1.4212;0.2633;0.0753;0.5909
5600262;1;3;5;1;-0.687;-0.2062;1.5699;0.8899;0.7679;1.1793;0.4102;0.7964;-0.3673;-0.6576;1;120;120;0;406.777;395.293;364.472;18;2.6375;-1.4212;0.2633;0.0753;0.5909
5600265;1;2;3;1;0.5949;0.9517;0.2907;-0.5363;-0.7708;-1.2622;0.0929;-0.9743;0.039;0.5029;0;200;200;300;485.462;445.62;442.336;18;7.5781;-0.6884;0.43;-0.0048;0.5909
5600265;0;2;6;1;-0.0845;1.4685;-0.7823;0.4142;-0.3069;1.1793;0.5799;0.839;1.314;1.0346;0;250;250;300;401.917;414.554;465.175;18;7.5781;-0.6884;0.43;-0.0048;0.5909
5600265;1;0;5;1;-0.687;0.6818;0.2907;0.4955;0.171;-0.1357;0.8643;0.2761;-0.2023;1.0346;0;275;220;330;406.808;430.965;454.916;18;7.5781;-0.6884;0.43;-0.0048;0.5909
5600265;1;0;6;0;-1.4869;2.7249;-0.7823;-0.1621;-0.2704;1.1793;-0.2794;0.2474;1.314;0.6402;2;250;200;300;550.506;522.888;544.019;18;7.5781;-0.6884;0.43;-0.0048;0.5909
5600265;1;0;6;0;-0.3799;0.9683;-0.7823;-0.4462;-1.2782;0.1806;-0.0571;0.8451;-0.7562;1.0346;0;250;200;300;525.113;558.38;594.949;18;7.5781;-0.6884;0.43;-0.0048;0.5909
5600265;1;2;6;1;-1.8939;-0.7214;-0.7823;0.1003;0.1148;-0.6853;0.47;0.9639;-0.2023;1.0346;2;200;250;100;490.754;496.937;535.223;18;7.5781;-0.6884;0.43;-0.0048;0.5909
5600265;0;2;6;0;-0.687;-0.5582;-0.7823;-0.7425;-0.1119;-0.9386;-0.697;-0.5138;1.314;-0.6576;2;200;200;150;483.903;403.951;471.479;18;7.5781;-0.6884;0.43;-0.0048;0.5909
5600266;1;3;4;0;-0.0288;-0.5002;0.2308;-0.7172;-0.7708;-0.6853;-0.2794;-1.007;-0.9306;-0.6576;1;275;220;110;581.995;536.03;561.129;18;5.2737;0.7566;1.2432;0.7671;1.1481
5600269;0;2;6;0;0.5949;0.3018;-0.7823;1.8554;0.9533;1.1793;1.6341;1.2881;0.0483;-1.0657;0;200;200;200;553.735;566.747;513.332;23;13.716;-1.4212;-1.4551;0.6877;0.4436
5600272;0;2;4;0;-0.3799;-0.3184;0.2907;0.5001;0.6026;0.1806;0.4356;-0.3459;-0.7366;-2.4468;0;150;250;100;515.918;521.284;465.815;18;8.5857;-1.4212;-0.3163;0.0753;0.1104
5600277;0;2;4;0;1.8905;-0.9694;1.2618;0.5534;-0.0102;1.1793;0.5526;0.1426;-0.5575;1.0346;0;150;100;650;477.285;454.904;508.053;23;6.8571;0.1;0.43;1.3327;1.1187
5600277;0;2;1;0;0.4637;-0.338;0.7703;-2.5391;-1.8696;-2.4101;-1.7733;-2.8462;-0.9734;-1.3939;1;150;200;300;456.905;462.826;486.889;23;6.8571;0.1;0.43;1.3327;1.1187
5600277;0;0;4;1;1.0671;0.1935;-0.7823;-0.3675;-0.4882;-1.0118;0.1154;-1.1215;-1.6385;0.5029;2;480;300;360;253.505;342.84;349.736;23;6.8571;0.1;0.43;1.3327;1.1187
5600280;1;2;4;0;-0.4342;-0.1657;-0.7823;-0.9147;-1.8696;-0.208;-0.4534;-0.9736;1.314;1.0346;0;200;200;300;516.525;437.276;438.838;13;7.2571;-0.2805;0.355;-0.1572;0.1104
5600281;0;0;6;0;-0.3799;1.4903;-0.7823;-0.0219;-0.4961;-0.4903;0.0414;0.2976;0.4522;0.6402;1;150;150;200;534.457;626.329;573.61;23;9.9587;-0.3123;0.3466;0.6877;1.1187
5600281;0;0;5;0;0.4637;-0.0553;-0.7823;-0.1538;-0.4961;1.1793;-0.1942;-0.2809;1.314;1.0346;1;150;200;250;465.129;459.794;452.973;23;9.9587;-0.3123;0.3466;0.6877;1.1187
5600281;0;2;6;0;0.5949;-0.1657;0.2907;-0.0333;0.171;1.1793;-0.265;-0.1512;0.1694;1.0346;0;165;220;440;473.753;449.855;427.071;23;9.9587;-0.3123;0.3466;0.6877;1.1187
5600283;0;3;0;0;-1.8939;0.6818;-0.7823;-0.1259;-1.8696;-0.1357;0.6171;-2.3389;1.314;1.0346;0;240;240;120;466.434;456.767;448.239;23;7.5556;-1.4212;0.993;1.2266;2.312
5600283;0;2;6;1;0.4637;2.7249;-0.7823;0.4529;-1.8696;0.0477;1.8607;-0.2047;1.314;1.0346;0;0;100;0;331.219;282.848;361.915;23;7.5556;-1.4212;0.993;1.2266;2.312
5600283;1;2;4;1;-0.2006;-0.4415;-0.7823;0.1911;0.171;-0.1357;0.1362;0.0565;1.314;-1.0657;2;150;200;200;502.544;348.329;441.604;23;7.5556;-1.4212;0.993;1.2266;2.312
5600283;0;2;5;0;1.3423;0.5301;-0.7823;-0.2887;-0.7708;0.0477;0.0221;-0.5037;-0.3882;0.6402;0;100;300;50;308.691;435.766;408.712;23;7.5556;-1.4212;0.993;1.2266;2.312
5600283;0;2;2;1;-0.3799;0.4766;-0.7823;0.0678;-0.4882;-0.1357;0.316;-0.5523;0.7015;1.0346;0;0;360;0;337.498;328.052;328.282;23;7.5556;-1.4212;0.993;1.2266;2.312
5600283;0;2;5;0;0.5949;0.4402;1.203;-0.5598;0.1148;-1.2622;-0.4303;-0.5339;1.314;1.0346;0;150;200;0;417.059;418.703;462.41;23;7.5556;-1.4212;0.993;1.2266;2.312
5600288;0;2;6;1;-0.687;0.0153;-0.7823;-0.4885;-0.4882;-0.6853;-0.038;0.8346;1.314;0.5029;0;330;440;0;343.306;271.016;320.292;13;6.1579;0.1;0.592;-0.0048;0.1104
5600288;1;2;6;0;0.1097;-0.4415;1.7405;0.1007;-1.8696;-0.1357;1.0668;0.5365;0.7628;-0.6576;1;275;110;0;453.603;317.375;339.653;13;6.1579;0.1;0.592;-0.0048;0.1104
5600288;1;2;6;0;0.4637;-0.1516;-0.7823;-0.0415;0.5798;-1.2349;0.0118;-0.0882;-1.1481;1.0346;0;150;200;150;386.513;356.723;332.709;13;6.1579;0.1;0.592;-0.0048;0.1104
5600288;1;2;2;0;-1.1858;0.9423;-0.7823;-1.0205;-1.8696;-0.8243;-0.6641;-1.8789;-0.9112;0.5029;0;200;200;150;569.811;583.625;477.898;13;6.1579;0.1;0.592;-0.0048;0.1104
5600288;0;2;6;1;-0.2006;0.3241;-0.7823;-0.8237;-0.7708;0.0477;-0.5319;0.1077;-1.2781;-0.6576;1;200;200;200;506.726;500.153;402.344;13;6.1579;0.1;0.592;-0.0048;0.1104
5600288;1;2;4;1;0.1097;0.3441;-0.7823;-1.3882;-1.8696;-0.6853;-0.9742;-1.4171;-1.1481;1.0346;1;150;200;50;470.837;282.878;434.782;13;6.1579;0.1;0.592;-0.0048;0.1104
5600288;0;2;6;1;-1.1858;0.0348;0.1462;-0.367;-0.0753;-0.9779;-0.1069;0.886;0.1924;-1.5824;0;240;240;180;449.803;316.861;314.166;13;6.1579;0.1;0.592;-0.0048;0.1104
5600288;0;0;2;1;-1.1597;-0.4415;-0.7823;0.5972;1.1392;1.1793;-0.3443;-1.0796;-2.7106;1.0346;0;200;200;150;429.937;467.976;472.168;13;6.1579;0.1;0.592;-0.0048;0.1104
5600290;1;3;4;0;-0.9295;-0.3184;-0.7823;-0.084;-1.2782;-0.6853;0.6611;-1.0016;1.0786;-0.6576;2;150;200;100;505.926;465.735;494.545;13;8.6891;-0.4873;0.43;1.1345;-0.5839
5600290;1;2;5;0;-0.687;-0.3184;-0.7823;0.7021;0.9533;-0.1357;0.2264;0.0272;-0.7074;-0.6576;2;165;220;220;568.124;489.914;521.373;13;8.6891;-0.4873;0.43;1.1345;-0.5839
5600290;0;2;6;0;-1.8939;0.6818;-0.7823;0.142;0.171;0.0477;0.0221;-0.2742;-0.0439;0.6402;1;150;250;150;481.685;474.353;554.587;13;8.6891;-0.4873;0.43;1.1345;-0.5839
5600292;1;2;2;1;0.5949;0.0498;-0.7823;-0.0091;-0.4882;0.0477;0.435;-0.9337;-0.4671;0.6402;1;150;200;100;343.575;350.42;337.792;18;6.0577;0.1;-0.614;1.2731;0.4436
5600293;0;0;6;0;-0.3799;-0.3397;0.2907;0.3267;-0.2704;0.1806;0.5757;0.9121;-1.5103;-1.0657;0;250;200;350;598.167;527.432;572.021;23;9.6923;-1.4212;0.661;0.8349;1.3977
5600293;1;2;3;0;-0.687;0.6818;0.2907;0.1454;-0.4961;0.1806;0.3346;-0.9045;-1.1176;-0.6576;1;250;200;350;615.845;635.47;641.4;23;9.6923;-1.4212;0.661;0.8349;1.3977
5600293;0;0;6;0;0.4637;0.6653;0.2907;1.3433;1.8415;1.1793;0.1759;1.5471;-0.7074;0.5029;0;250;200;150;502.327;653.785;584.082;23;9.6923;-1.4212;0.661;0.8349;1.3977
5600293;1;2;1;1;-0.13;-0.4415;-0.7823;-0.0137;-0.1552;1.1793;0.4992;-1.8354;-1.1481;-0.6576;2;200;200;100;464.868;384.631;407.909;23;9.6923;-1.4212;0.661;0.8349;1.3977
5600293;0;0;3;0;0.176;-0.6464;0.7703;-0.3574;-0.2704;1.1793;-0.2453;-0.9808;-1.7418;-1.1847;0;250;200;350;526.646;492.775;587.934;23;9.6923;-1.4212;0.661;0.8349;1.3977
5600293;0;2;4;0;0.5949;-0.5635;1.1625;-1.7876;-0.7708;-2.3391;-0.8119;-1.552;0.4522;-0.6576;2;0;200;0;407.084;416.245;402.66;23;9.6923;-1.4212;0.661;0.8349;1.3977
5600293;1;2;5;1;1.8905;-1.08;1.1625;0.7367;0.3668;1.1793;0.7222;0.6125;-1.1481;-1.3914;0;225;180;135;582.216;524.083;613.327;23;9.6923;-1.4212;0.661;0.8349;1.3977
5600293;0;2;3;0;1.4083;0.6653;0.1462;-0.1005;-0.4961;-0.6947;0.5957;-0.1022;0.0703;-1.0691;0;200;200;200;489.665;533.233;509.099;23;9.6923;-1.4212;0.661;0.8349;1.3977
5600293;0;0;1;0;-0.9598;0.6818;-0.7823;-0.7188;-0.2704;-0.4903;-0.6791;-2.0484;-0.5488;1.0346;0;200;200;150;515.181;587.422;601.861;23;9.6923;-1.4212;0.661;0.8349;1.3977
5600293;1;0;3;0;-0.3799;0.3241;0.2907;-0.1502;-0.7708;0.0477;0.1357;-0.6609;-0.7366;0.3622;1;250;200;150;532.918;560.133;676.885;23;9.6923;-1.4212;0.661;0.8349;1.3977
5600293;0;0;6;1;0.4637;-0.3489;0.7703;0.6741;0.9533;1.1793;0.0718;1.1359;-1.1481;-0.6576;1;200;200;0;489.841;465.496;484.228;23;9.6923;-1.4212;0.661;0.8349;1.3977
5600293;1;2;6;1;-1.8939;0.9683;-0.7823;-0.7098;-1.8696;0.1806;-0.716;-1.2664;-0.6675;-0.9122;0;200;200;400;529.575;549.848;560.344;23;9.6923;-1.4212;0.661;0.8349;1.3977
