"school_id";"gender";"language";"hisced";"grade_rep";"fear_failure";"belonging";"bullied";"home_poss";"cult_poss";"edu_resources";"family_wealth";"ESCS_status";"teacher_support";"emo_sup";"school_changes";"learn_time_math";"learn_time_read";"learn_time_scie";"math";"read";"scie";"class_size";"stud_teach_ratio";"short_edu_mat";"short_edu_staff";"stu_behav";"teach_behav"
82600001;0;2;6;0;-0.687;-0.6659;-0.7823;1.052;0.7725;0.7604;0.4645;0.7521;1.314;1.0346;0;165;165;220;310.346;320.935;302.523;23;15.8053;0.265;-0.3163;-0.0384;0.5642
82600007;1;0;6;0;-0.2006;0.0348;0.2907;-0.0563;0.7725;1.1793;-0.5058;0.6365;0.4394;0.2169;1;200;250;300;486.446;461.187;585.885;28;16.0923;0.1;1.4395;0.735;1.8947
82600018;0;0;5;0;0.8794;-1.2589;-0.7823;-1.1716;-0.7847;-0.8532;-1.0178;-0.556;0.4394;1.0346;0;300;300;300;530.999;584.569;650.174;23;15.5182;-0.0672;-0.3163;0.1795;0.9355
82600018;1;2;4;0;1.4083;0.4152;1.4721;-0.3513;0.1687;1.1793;-0.6985;-0.6031;-0.7857;-1.6688;0;300;300;360;590.274;599.741;618.836;23;15.5182;-0.0672;-0.3163;0.1795;0.9355
82600018;1;0;5;0;1.4083;-0.7535;-0.7823;-1.8164;-0.1662;-1.1123;-1.9884;-1.2455;1.314;0.0224;2;250;250;250;335.359;369.104;393.031;23;15.5182;-0.0672;-0.3163;0.1795;0.9355
82600018;0;2;1;0;0.7405;-0.338;-0.7823;-1.7743;-1.8434;-1.4469;-1.2292;-2.6788;-0.1719;-0.6576;0;300;300;240;493.772;355.55;389.742;23;15.5182;-0.0672;-0.3163;0.1795;0.9355
82600018;1;2;4;0;-0.6133;-0.0323;0.2907;-0.8847;-0.3902;-1.5971;-0.3222;-1.0722;-0.7161;-0.9167;2;360;360;300;541.965;588.373;552.698;23;15.5182;-0.0672;-0.3163;0.1795;0.9355
82600018;0;2;0;0;1.8905;-0.4415;0.7703;-0.1323;-0.7397;0.2646;0.2386;-2.5582;-1.415;-1.5824;1;240;240;300;429.8;378.066;295.765;23;15.5182;-0.0672;-0.3163;0.1795;0.9355
82600019;0;0;4;0;1.4083;-0.8997;1.1625;0.9669;0.0782;1.1793;0.9367;0.5425;-0.2023;-1.1847;2;330;330;550;460.349;438.225;369.789;23;18.9318;0.1;-0.3163;-0.335;0.2266
82600027;0;0;4;0;0.4637;-0.3184;0.7703;1.0021;0.2741;1.1793;0.8854;-0.3716;-0.0348;1.0346;0;240;240;360;568.718;662.365;564.851;28;17.1429;1.6863;1.2432;1.2343;1.4533
82600027;1;0;6;0;1.4083;0.8801;0.8233;1.0938;0.5478;-0.4396;1.1636;-1.6918;-0.2023;0.5029;1;240;240;240;439.294;433.957;469.204;28;17.1429;1.6863;1.2432;1.2343;1.4533
82600027;0;2;4;0;0.5949;-0.4415;0.2907;0.3227;0.3125;1.1793;-0.1043;-0.5101;1.314;0.6402;1;220;220;220;442.445;424.282;457.81;28;17.1429;1.6863;1.2432;1.2343;1.4533
82600027;1;0;3;0;-1.0109;2.7249;-0.7823;-0.3062;-0.9827;-0.4511;0.3696;-0.4371;1.314;1.0346;0;240;240;240;545.068;487.197;546.178;28;17.1429;1.6863;1.2432;1.2343;1.4533
82600028;1;0;6;0;-1.8939;0.3241;0.6725;-0.329;-0.3833;1.1793;-0.254;0.3532;1.314;-0.6576;0;240;240;240;522.406;427.977;375.744;23;14.7368;0.1;0.43;-0.0384;-0.1695
82600028;1;2;5;0;1.0671;0.4402;0.7703;-0.8399;0.363;-0.9649;-1.3366;-0.9329;-1.415;-0.6576;0;840;700;980;426.52;505.448;459.202;23;14.7368;0.1;0.43;-0.0384;-0.1695
82600028;1;2;6;0;0.8794;-0.2444;1.1211;0.1577;0.2139;1.1793;0.0047;-0.0393;0.0297;1.0346;2;275;275;165;397.424;321.903;374.084;23;14.7368;0.1;0.43;-0.0384;-0.1695
82600028;0;2;0;0;1.8905;-1.2199;1.5346;-2.5435;-1.8434;-2.0089;-2.1689;-3.3969;0.6259;-1.3914;2;240;240;360;514.318;487.224;535.126;23;14.7368;0.1;0.43;-0.0384;-0.1695
82600028;0;2;6;0;0.8794;-0.0358;-0.7823;0.594;0.2817;1.1793;0.4503;1.255;1.314;1.0346;1;900;900;900;616.655;631.635;576.155;23;14.7368;0.1;0.43;-0.0384;-0.1695
82600028;0;0;2;0;0.5949;-0.763;1.1625;0.3923;0.5478;1.1793;0.1701;-0.9616;1.314;1.0346;0;360;240;180;351.061;458.458;317.994;23;14.7368;0.1;0.43;-0.0384;-0.1695
82600028;0;0;4;0;1.0671;-0.5928;-0.7823;-1.1103;-1.0715;1.1793;-1.2363;-0.6401;1.314;-1.6711;0;300;300;420;613.11;630.783;533.562;23;14.7368;0.1;0.43;-0.0384;-0.1695
82600028;1;2;6;0;-0.9823;0.0348;1.1928;-0.1893;-0.5792;0.0477;-0.0692;0.4207;1.314;1.0346;1;240;240;480;646.362;529.888;543.21;23;14.7368;0.1;0.43;-0.0384;-0.1695
82600028;0;2;1;1;-0.6133;-0.4926;1.2327;-1.4827;0.1408;0.0477;-2.3334;-1.5191;-0.1697;-0.6576;2;300;360;240;350.054;318.216;320.128;23;14.7368;0.1;0.43;-0.0384;-0.1695
82600030;0;2;1;0;-1.4242;-0.5635;-0.7823;-0.0603;0.5478;0.7604;-0.3854;-2.0066;-0.4377;-0.6576;1;360;480;480;527.617;525.952;429.766;28;13.4454;0.4997;0.9861;-0.0384;0.2266
82600030;0;2;6;0;-0.0845;-0.5582;0.2907;0.4011;-1.8434;1.1793;0.5211;0.0992;0.1694;-0.6576;2;320;320;320;462.376;446.164;424.636;28;13.4454;0.4997;0.9861;-0.0384;0.2266
82600030;0;2;3;0;0.4637;-0.3184;1.1928;-1.529;0.0896;-2.2242;-1.0125;-1.461;-0.2023;-0.6576;2;105;140;140;486.544;529.017;538.149;28;13.4454;0.4997;0.9861;-0.0384;0.2266
82600030;0;0;6;1;1.8905;-0.7564;-0.7823;-0.1539;-0.53;1.1793;-0.075;-0.1453;1.314;1.0346;2;320;320;320;450.397;534.007;539.251;28;13.4454;0.4997;0.9861;-0.0384;0.2266
82600030;0;0;6;0;-0.4678;-0.3184;-0.7823;0.0842;-0.3902;0.2646;0.0953;0.7376;-0.2023;-0.6576;0;360;360;360;568.903;509.418;510.347;28;13.4454;0.4997;0.9861;-0.0384;0.2266
82600030;0;0;6;0;0.1097;2.7249;-0.7823;-0.5122;-0.53;-0.6853;-0.1683;0.1988;1.314;1.0346;0;320;320;320;407.084;498.902;422.913;28;13.4454;0.4997;0.9861;-0.0384;0.2266
82600030;1;0;6;0;1.0671;-0.6913;-0.7823;-1.3103;-0.9827;-1.2793;-0.9799;-0.0194;1.314;0.2127;0;400;320;320;514.093;530.573;571.537;28;13.4454;0.4997;0.9861;-0.0384;0.2266
82600030;1;2;6;0;0.8794;0.0348;0.8233;-0.8527;-0.2522;0.031;-1.1701;0.4509;1.314;0.5029;0;240;240;320;618.757;584.157;608.822;28;13.4454;0.4997;0.9861;-0.0384;0.2266
82600030;1;2;6;0;-0.7592;0.4846;0.7703;0.8957;1.1114;1.1793;0.5554;0.065;0.385;1.0346;2;240;320;240;541.71;447.222;475.213;28;13.4454;0.4997;0.9861;-0.0384;0.2266
82600030;0;0;6;0;-0.9295;2.7249;-0.7823;0.289;0.7725;1.1793;-0.1979;0.9761;1.314;0.6402;0;360;480;480;585.837;573.475;565.476;28;13.4454;0.4997;0.9861;-0.0384;0.2266
82600030;0;2;6;0;0.4637;-1.1132;1.7669;1.189;0.7725;0.6763;0.9976;1.6054;-0.5488;1.0346;0;240;320;320;321.343;337.817;385.204;28;13.4454;0.4997;0.9861;-0.0384;0.2266
82600030;1;2;1;0;-0.9295;0.9683;-0.7823;-1.9466;-1.8434;-1.2622;-1.7539;-2.4475;1.314;0.5029;0;210;280;280;387.986;381.051;243.306;28;13.4454;0.4997;0.9861;-0.0384;0.2266
82600030;1;2;6;0;0.4637;0.3241;-0.7823;-0.3733;0.5478;-0.1357;-0.7133;0.1489;-0.2023;-0.9167;2;240;320;320;592.662;634.057;577.173;28;13.4454;0.4997;0.9861;-0.0384;0.2266
82600030;0;0;4;0;0.4637;0.6401;0.2907;-1.1716;-1.3625;-1.7257;-0.2205;-0.666;0.7628;0.5029;0;240;320;320;425.223;410.779;273.798;28;13.4454;0.4997;0.9861;-0.0384;0.2266
82600038;1;2;5;0;-1.2319;0.6246;-0.7823;-0.145;0.5478;1.1793;-0.4283;-0.4724;1.314;-2.4468;2;240;240;300;606.896;536.847;507.263;28;18.05;0.265;0.661;1.5633;0.8952
82600038;0;0;1;0;0.5949;0.0348;-0.7823;-0.1804;-0.9827;-0.6853;0.6262;-1.4927;-0.0439;1.0346;0;180;240;540;581.202;594.728;475.61;28;18.05;0.265;0.661;1.5633;0.8952
82600042;0;0;5;0;1.8905;-1.0677;0.2907;0.4789;1.1114;0.7604;3e-04;-0.1;-0.2327;-0.6576;0;180;240;420;498.028;523.101;500.456;23;17.1043;-1.4212;0.9995;-0.0384;0.2266
82600042;0;0;3;0;0.8794;-0.9111;0.7703;-0.0408;-0.5792;-1.1797;0.2554;-0.3517;0.3485;0.2169;1;300;300;300;561.275;555.697;541.089;23;17.1043;-1.4212;0.9995;-0.0384;0.2266
82600057;0;2;6;0;1.4083;-1.3268;1.4721;-1.2479;-0.7397;-0.1357;-1.4444;-0.6692;0.7015;-0.9122;0;240;240;240;642.909;625.707;659.486;53;17.4972;-0.949;0.2633;-1.4335;0.2266
82600057;0;0;6;0;0.5949;-0.5635;0.7703;0.829;0.7725;1.1793;0.5596;1.0111;0.7015;0.2127;1;240;240;240;420.286;505.14;429.084;53;17.4972;-0.949;0.2633;-1.4335;0.2266
82600057;0;0;4;0;-0.3799;-0.6659;1.5172;0.255;0.1687;0.0477;0.5163;-0.6394;1.314;1.0346;0;300;300;300;351.666;330.721;252.547;53;17.4972;-0.949;0.2633;-1.4335;0.2266
82600058;1;2;6;0;-0.3799;0.9303;0.7703;0.1548;-0.1662;0.0477;0.5683;0.2523;0.7015;0.2127;0;250;200;450;603.006;484.698;499.826;18;7.6522;-1.4212;-1.4551;-2.0719;-0.7866
82600058;0;0;4;0;0.1097;0.6818;-0.7823;-0.9086;-1.8434;-0.4396;-0.4359;-0.6921;-0.8998;-1.3939;0;225;225;270;480.732;455.971;468.334;18;7.6522;-1.4212;-1.4551;-2.0719;-0.7866
82600058;0;2;6;0;0.4637;-0.9836;0.1462;1.135;1.1114;1.1793;0.3886;1.459;0.7015;-0.6576;0;300;300;300;611.78;494.536;566.51;18;7.6522;-1.4212;-1.4551;-2.0719;-0.7866
82600065;1;2;6;0;-0.3799;0.6401;1.2618;-0.9612;-1.3625;-0.9779;-0.5593;0.6346;0.1155;0.3622;1;250;250;300;575.85;560.722;556.949;28;17.3684;1.2478;-0.1776;0.1795;0.2266
82600065;0;0;6;0;0.8794;0.3241;-0.7823;1.3437;1.1114;1.1793;0.7703;1.4261;1.314;1.0346;1;250;250;300;585.132;692.023;522.875;28;17.3684;1.2478;-0.1776;0.1795;0.2266
82600067;1;0;3;0;1.8905;1.4685;-0.7823;0.1379;-1.8434;-0.4903;0.6999;0.0092;-0.2023;-0.6576;0;275;275;220;707.303;649.347;608.097;28;17.0317;0.8006;0.1964;-0.5654;1.1822
82600067;0;2;4;0;-0.3799;0.6818;-0.7823;0.4387;-0.4711;1.1793;0.4407;-0.7804;-1.1481;-0.6439;1;240;300;420;579.348;630.339;602.692;28;17.0317;0.8006;0.1964;-0.5654;1.1822
82600067;0;0;5;0;1.8905;-0.3184;0.2907;-0.867;-0.1251;1.1793;-1.5264;0.0872;0.7015;0.5029;2;250;250;200;600.108;626.779;577.151;28;17.0317;0.8006;0.1964;-0.5654;1.1822
82600068;0;0;6;0;1.4083;0.9264;0.8615;-0.4764;-0.0396;-0.5813;-0.3404;0.4587;1.314;0.6402;1;180;180;240;508.543;526.56;519.476;23;17.1295;-0.6884;0.0131;-1.5397;-1.2356
82600068;1;2;6;0;-0.2006;-1.423;-0.7823;-0.6211;-0.7397;1.1793;-0.5058;0.5893;0.1274;1.0346;2;180;180;300;657.863;583.712;661.197;23;17.1295;-0.6884;0.0131;-1.5397;-1.2356
82600070;1;0;6;0;1.8905;-2.4306;-0.7823;3.0832;1.8498;1.1793;2.1233;2.2593;0.2384;-0.6576;0;180;180;360;605.728;585.669;577.99;28;16.0769;-1.4212;-1.4551;-1.1401;0.2785
82600083;0;2;6;0;1.8905;-0.8273;1.1625;0.1237;0.7725;1.1793;-0.4174;0.8262;1.314;-0.6576;1;240;210;240;532.142;630.869;647.296;28;17.3881;1.533;0.7577;-3.3785;-0.1695
82600083;0;2;6;0;0.4637;0.3241;-0.7823;0.3334;1.1114;1.1793;-0.1378;0.8014;0.7628;-2.4468;2;240;240;240;499.608;514.748;507.595;28;17.3881;1.533;0.7577;-3.3785;-0.1695
82600083;0;2;6;0;0.1097;0.3084;-0.7823;-0.6316;-1.3625;1.1793;-0.3086;0.393;-0.4377;-0.6576;0;180;180;180;484.204;539.511;500.112;28;17.3881;1.533;0.7577;-3.3785;-0.1695
82600083;0;2;6;0;0.052;-0.4509;0.2907;-0.3296;-0.53;0.0477;-0.0677;0.2603;-0.5575;-1.0691;0;240;240;300;539.707;516.124;526.593;28;17.3881;1.533;0.7577;-3.3785;-0.1695
82600089;0;2;6;0;1.8905;-0.9052;-0.7823;0.4684;-0.3902;1.1793;0.7072;0.5051;1.314;1.0346;2;420;420;300;387.351;423.894;459.297;23;15.7471;0.1423;1.2579;0.1795;-0.0452
82600089;1;0;4;0;-0.687;0.4581;0.2907;0.893;-0.226;1.1793;0.8882;0.3969;1.314;1.0346;1;300;300;240;563.098;491.116;516.118;23;15.7471;0.1423;1.2579;0.1795;-0.0452
82600089;1;2;3;0;0.4637;0.6818;-0.7823;-1.04;0.4654;-1.1256;-0.8988;-1.4511;1.314;-0.6576;0;300;300;240;412.826;427.467;463.645;23;15.7471;0.1423;1.2579;0.1795;-0.0452
82600089;0;2;4;0;-0.687;-0.3184;-0.7823;0.5804;0.3473;-0.2116;0.5575;-0.7654;0.7628;-0.6576;2;300;300;240;395.217;452.411;431.696;23;15.7471;0.1423;1.2579;0.1795;-0.0452
82600089;1;2;3;0;-1.1858;-1.0015;1.5346;-1.0891;-0.2588;-1.5971;-0.9232;-1.4719;-0.9514;0.3657;2;300;350;200;236.377;366.688;375.175;23;15.7471;0.1423;1.2579;0.1795;-0.0452
82600089;0;2;4;0;1.8905;-0.3184;0.2308;1.3541;1.1114;0.0477;1.1113;-0.3929;1.314;1.0346;0;360;300;300;468.403;492.406;530.968;23;15.7471;0.1423;1.2579;0.1795;-0.0452
82600090;0;0;5;0;-1.4869;0.6818;-0.7823;0.136;0.6322;1.1793;-0.4836;0.0039;-0.5575;-0.6576;0;300;300;480;633.109;682.336;712.566;23;13.936;-1.4212;-1.4551;-0.7912;-0.1662
82600090;0;2;6;0;0.052;-0.3184;-0.7823;0.5582;1.8498;1.1793;0.0141;0.8965;1.314;1.0346;0;300;300;300;466.999;544.899;581.398;23;13.936;-1.4212;-1.4551;-0.7912;-0.1662
82600090;0;0;6;0;0.4637;-0.1903;0.2907;0.3616;-0.1662;1.1793;0.5925;1.0001;1.314;0.5029;0;275;275;440;562.767;634.619;542.962;23;13.936;-1.4212;-1.4551;-0.7912;-0.1662
82600090;0;2;5;1;-1.4869;0.3241;-0.7823;-0.5215;-1.8434;1.1793;-0.4682;-0.2744;1.314;1.0346;0;1705;1595;1485;569.015;503.938;503.911;23;13.936;-1.4212;-1.4551;-0.7912;-0.1662
82600090;0;2;6;0;-0.687;0.6818;-0.7823;1.2244;0.3125;1.1793;1.1713;1.1754;-0.2023;1.0346;2;300;300;300;460.732;545.363;474.761;23;13.936;-1.4212;-1.4551;-0.7912;-0.1662
82600090;0;2;6;1;-0.687;-0.8826;-0.7823;-1.023;-1.3625;0.2646;-1.1491;-0.1907;0.1597;-2.4468;2;300;300;300;578.683;707.886;620.582;23;13.936;-1.4212;-1.4551;-0.7912;-0.1662
82600090;0;2;6;0;1.8905;0.6738;-0.7823;-0.3965;-0.9386;0.0477;-0.0919;-0.8294;-2.7106;1.0346;0;300;300;240;439.539;351.23;420.513;23;13.936;-1.4212;-1.4551;-0.7912;-0.1662
82600090;0;0;5;0;-0.9598;2.7249;-0.7823;1.108;0.7725;1.1793;0.5784;0.8887;1.314;1.0346;1;300;300;300;412.657;531.877;445.959;23;13.936;-1.4212;-1.4551;-0.7912;-0.1662
82600090;0;0;4;1;-1.8939;-0.0599;-0.7823;-0.0283;-0.1662;1.1793;-0.2092;-0.7701;1.314;1.0346;0;300;300;300;575.234;570.417;537.301;23;13.936;-1.4212;-1.4551;-0.7912;-0.1662
82600090;0;0;6;0;-1.8939;2.7249;-0.7823;-0.2628;-0.1662;1.1793;-0.3031;0.6773;1.314;1.0346;0;660;1595;1650;449.27;475.055;459.692;23;13.936;-1.4212;-1.4551;-0.7912;-0.1662
82600090;0;0;5;0;0.4637;-0.5707;-0.7823;0.4682;1.1114;0.0477;0.1825;0.5476;1.314;-0.6576;1;300;300;300;606.41;575.025;563.137;23;13.936;-1.4212;-1.4551;-0.7912;-0.1662
82600091;0;2;3;0;0.5949;-0.7659;0.6725;-0.4397;-0.7397;-1.1194;0.3315;-0.9095;0.7628;-2.4468;0;240;240;360;467.057;542.423;522.326;28;13.863;1.2478;1.3635;-0.0956;1.3648
82600091;0;2;6;0;0.5949;-0.5665;0.7703;-1.1792;-0.1662;-0.4511;-1.2929;0.1582;1.314;-0.6576;1;300;240;300;359.522;367.331;447.705;28;13.863;1.2478;1.3635;-0.0956;1.3648
82600091;1;0;4;0;-1.109;-0.3261;0.7703;-0.3762;0.0528;1.1793;-0.4602;-0.2604;-1.1481;-1.5824;0;360;240;120;516.733;533.69;562.073;28;13.863;1.2478;1.3635;-0.0956;1.3648
82600091;1;0;4;0;1.1911;2.7249;-0.7823;0.0866;-0.9386;1.1793;0.7334;0.1343;0.7015;1.0346;0;240;240;180;502.497;416.519;346.877;28;13.863;1.2478;1.3635;-0.0956;1.3648
82600091;1;2;3;0;0.4637;-0.5707;-0.7823;-0.7981;-1.8434;-1.4469;0.4756;-1.1603;-0.7453;-1.3914;0;240;240;360;562.482;638.783;593.188;28;13.863;1.2478;1.3635;-0.0956;1.3648
82600091;0;0;3;0;-0.9598;0.6818;-0.7823;0.1793;-0.6699;0.0477;0.6769;-0.636;1.314;-0.6576;0;240;240;240;488.996;507.115;537.11;28;13.863;1.2478;1.3635;-0.0956;1.3648
82600091;0;2;6;0;1.8905;-0.8527;1.4721;0.1075;-1.8434;-0.8947;1.2593;0.9354;-0.0439;-0.6576;1;240;240;360;464.204;455.737;459.028;28;13.863;1.2478;1.3635;-0.0956;1.3648
82600103;1;0;6;0;0.8794;0.9683;-0.7823;0.2719;-0.9827;0.2646;0.8333;0.4476;1.314;-0.6576;2;200;200;200;598.244;492.915;507.862;28;22.2667;2.1284;0.592;-0.0384;0.2266
82600104;0;0;6;0;0.4637;-0.8428;0.7703;-0.1681;-0.6184;-0.754;0.0846;-0.3239;0.4394;-1.3914;1;180;240;360;548.825;582.245;539.81;28;20.1034;-0.4526;-0.7828;-2.0719;-2.0409
82600105;0;0;6;0;1.0944;-0.3789;2.07;0.8591;0.0019;0.0477;0.9422;0.6746;1.314;-2.4468;0;240;240;360;558.378;607.755;614.235;23;18;-0.949;-0.5869;-1.4545;-0.4321
82600105;1;0;6;1;1.8905;-0.2808;3.8591;0.4964;-0.8559;-1.3216;0.9949;-1.0913;1.314;1.0346;2;300;300;300;392.519;366.652;373.083;23;18;-0.949;-0.5869;-1.4545;-0.4321
82600105;0;0;6;0;0.4637;0.4829;0.8615;0.4294;1.8498;-0.8532;0.1841;1.223;1.314;1.0346;1;240;300;300;652.997;682.249;661.774;23;18;-0.949;-0.5869;-1.4545;-0.4321
82600107;1;0;6;0;0.4637;-0.3184;-0.7823;-0.5297;-0.8559;1.1191;-0.9016;0.0436;0.7015;-0.6576;0;180;180;360;635.592;551.218;660.347;28;16.6782;1.2478;0.1893;-0.335;0.2266
82600107;0;2;6;0;0.052;-0.0358;-0.7823;0.5649;-0.3018;0.0477;0.783;1.0508;0.4394;1.0346;0;180;180;360;608.861;554.365;562.752;28;16.6782;1.2478;0.1893;-0.335;0.2266
82600107;0;2;6;0;-0.4342;0.4829;0.2907;1.0981;1.1114;1.1793;0.4878;1.3353;0.6259;1.0346;1;180;180;360;681.129;641.459;679.378;28;16.6782;1.2478;0.1893;-0.335;0.2266
82600107;0;0;6;0;-0.687;-0.4509;0.1462;0.4635;1.8498;1.1793;-0.2592;0.503;1.314;-0.6576;0;180;180;360;616.638;605.924;606.246;28;16.6782;1.2478;0.1893;-0.335;0.2266
82600111;1;2;6;0;-0.3799;0.3018;-0.7823;-0.5099;-0.53;0.2646;-0.5134;0.2907;-0.2023;1.0346;2;220;220;330;591.28;497.89;563.067;18;15.0829;0.4698;0.43;-0.0384;-1.2356
82600118;0;0;5;0;0.8794;-0.6693;0.1462;1.8529;0.7725;1.1793;1.4093;1.2352;-0.2023;1.0346;0;220;165;220;442.278;479.58;528.522;28;16.25;1.6863;0.8371;0.1795;1.1822
82600118;0;0;3;0;1.8905;-1.3298;1.5346;-2.8523;-1.8434;-2.9896;-2.0427;-2.021;-0.6262;-1.1847;1;240;240;240;418.663;405.106;426.754;28;16.25;1.6863;0.8371;0.1795;1.1822
82600132;0;0;6;0;1.4083;-1.6203;-0.7823;0.3851;-0.4711;1.1793;0.2741;1.0136;-0.5575;-0.6576;0;240;240;240;596.027;626.714;680.889;23;20.624;-1.4212;-1.4551;-0.0384;0.2266
82600133;0;0;3;0;0.1097;-0.0553;0.7703;-0.6869;-0.7847;-1.3835;-0.1725;-0.8368;-0.6262;-1.0657;0;240;240;180;657.476;700.286;644.562;23;17.1837;0.4292;-0.5869;0.1795;0.5642
82600133;0;0;6;0;-0.3799;-1.0523;1.1211;0.0717;1.8498;1.1793;-0.997;0.6941;-0.3971;1.0346;1;240;240;120;584.369;692.553;619.86;23;17.1837;0.4292;-0.5869;0.1795;0.5642
82600133;0;0;6;0;-0.4342;0.8801;-0.7823;2.0049;1.1114;1.1793;1.6027;1.56;-0.3971;1.0346;0;240;180;360;565.703;570.261;501.548;23;17.1837;0.4292;-0.5869;0.1795;0.5642
82600133;0;2;6;0;1.8905;-1.5698;0.2907;1.0131;0.7725;1.1793;0.9945;1.089;1.314;0.5029;0;480;480;240;443.624;484.41;511.727;23;17.1837;0.4292;-0.5869;0.1795;0.5642
82600133;0;0;5;0;1.0671;-0.7594;0.2907;1.2804;0.0019;1.1793;0.8307;1.076;-1.5794;-1.5824;0;240;240;420;524.625;614.343;511.504;23;17.1837;0.4292;-0.5869;0.1795;0.5642
82600137;1;0;6;0;-0.2006;-0.3184;0.2907;0.4709;-0.7397;1.1793;0.8531;0.8596;0.3485;-0.6576;0;225;300;150;507.176;524.117;465.408;23;15.0149;0.8339;0.43;0.4651;0.8952
82600137;1;2;5;0;1.3423;-0.7782;1.4721;0.4335;0.6322;0.0477;0.23;0.2767;1.314;0.5029;0;300;300;225;580.727;569.343;544.86;23;15.0149;0.8339;0.43;0.4651;0.8952
82600137;1;0;4;0;0.1097;0.9683;-0.7823;-0.0816;-0.3559;0.0477;0.0397;-0.8473;1.314;1.0346;0;300;300;225;488.181;535.381;492.887;23;15.0149;0.8339;0.43;0.4651;0.8952
82600137;1;2;3;0;-1.1858;1.4685;-0.7823;0.5211;1.8498;1.1793;-0.1941;-0.602;0.3485;1.0346;1;300;300;225;493.813;442.197;435.24;23;15.0149;0.8339;0.43;0.4651;0.8952
82600137;1;2;3;0;0.8207;0.3018;1.1625;-0.1566;-0.7847;1.1793;-0.1043;0.1896;-1.1481;1.0346;0;225;225;225;466.06;512.756;506.857;23;15.0149;0.8339;0.43;0.4651;0.8952
82600137;1;2;3;0;0.0208;2.7249;0.8233;-0.5184;-0.1662;1.1793;-0.6493;-0.9313;-0.3971;0.5029;0;300;300;300;455.561;367.106;425.683;23;15.0149;0.8339;0.43;0.4651;0.8952
82600137;1;0;5;0;0.4637;1.4685;-0.7823;0.1609;0.7725;1.1793;-0.3215;-0.3451;0.2148;1.0346;0;225;300;225;512.68;517.637;507.177;23;15.0149;0.8339;0.43;0.4651;0.8952
82600137;1;0;6;0;1.8905;-0.8632;0.2907;1.4352;0.7725;1.1793;1.6183;1.398;-0.3971;1.0346;1;300;300;450;480.464;444.09;493.183;23;15.0149;0.8339;0.43;0.4651;0.8952
82600137;1;0;6;0;-0.3799;-0.1562;-0.7823;-0.2146;-0.1728;0.0477;0.0267;0.5392;1.314;0.2169;0;300;300;300;366.56;347.423;363.957;23;15.0149;0.8339;0.43;0.4651;0.8952
82600137;1;0;6;0;0.5949;0.1731;-0.7823;-0.2194;-0.1662;-0.3792;0.0748;0.6977;1.314;1.0346;0;225;300;225;605.409;573.032;615.824;23;15.0149;0.8339;0.43;0.4651;0.8952
82600137;1;0;6;0;1.1422;1.4903;-0.7823;-0.4205;-0.0396;0.0477;-0.6372;0.1331;0.6259;0.2169;0;225;300;225;630.95;678.983;595.918;23;15.0149;0.8339;0.43;0.4651;0.8952
82600137;1;0;4;0;0.8794;2.7249;-0.7823;-0.3868;0.0896;-0.011;-0.9118;0.0657;0.3995;0.2169;0;225;225;225;457.798;392.458;420.3;23;15.0149;0.8339;0.43;0.4651;0.8952
82600137;1;2;6;0;-0.3799;0.1899;0.2907;-0.1025;0.0019;1.1793;-0.6277;-1.0913;0.7015;1.0346;0;225;300;225;532.811;431.304;450.57;23;15.0149;0.8339;0.43;0.4651;0.8952
82600138;1;0;3;0;1.8905;0.6818;0.7703;0.5726;1.1114;1.1793;0.0267;-0.0603;-0.2023;-0.6576;0;240;240;240;484.501;572.169;556.758;28;20.4966;-0.2376;-1.4551;-0.9505;-0.8267
82600140;0;2;6;0;-0.3009;-0.4121;0.1462;0.4273;0.7725;0.2646;0.1897;0.8723;0.2384;1.0346;0;300;120;0;636.867;494.105;654.575;18;7.8491;-1.4212;-1.4551;-3.3785;-1.2356
82600140;0;2;6;0;1.8905;1.4903;0.8615;2.3934;1.8498;1.1793;1.6027;1.9915;1.314;1.0346;2;240;240;360;586.042;596.176;622.147;18;7.8491;-1.4212;-1.4551;-3.3785;-1.2356
82600140;0;2;6;0;0.4637;-1.1206;-0.7823;0.1229;-0.3902;1.1793;-0.2115;1.0934;-0.3971;-1.1847;1;240;240;240;705.708;690.309;799.412;18;7.8491;-1.4212;-1.4551;-3.3785;-1.2356
82600140;0;0;6;0;0.4637;2.7249;0.2907;1.8222;0.2139;1.1793;2.4805;1.7582;0.7628;1.0346;2;240;240;360;544.174;676.444;639.189;18;7.8491;-1.4212;-1.4551;-3.3785;-1.2356
82600144;0;2;6;1;-0.687;0.0623;-0.7823;-0.6783;0.7725;-0.1357;-1.2222;-0.6568;0.4394;-1.5824;2;260;260;260;489.907;392.593;472.756;28;16.9388;0.4263;0.2633;0.1795;0.8952
82600144;1;2;6;0;-1.8939;-1.3242;1.1625;-0.2795;-0.7397;0.2646;0.0504;-0.3546;1.314;1.0346;0;300;180;420;419.569;364.546;354.279;28;16.9388;0.4263;0.2633;0.1795;0.8952
82600147;1;2;6;0;-1.8939;1.4685;1.2618;-0.8593;-1.8434;-0.5668;-0.5617;0.4102;1.314;0.6402;0;240;240;360;521.971;416.626;482.784;28;16.8429;0.1;-0.0097;-0.0384;0.6015
82600147;1;2;6;0;0.4637;-0.2444;0.2907;-0.2051;-1.8434;0.2646;0.3527;0.4056;1.314;0.5029;1;240;240;120;469.171;464.178;512.43;28;16.8429;0.1;-0.0097;-0.0384;0.6015
82600147;0;0;6;0;0.5949;-0.7459;0.8233;0.958;0.678;-0.1357;0.5014;1.409;1.314;-0.6576;0;240;240;360;532.857;642.183;678.901;28;16.8429;0.1;-0.0097;-0.0384;0.6015
82600147;1;2;5;0;0.4637;-1.27;1.7405;-0.5816;-0.4711;-0.4396;-0.8318;0.2249;0.6259;-1.6711;1;220;220;330;567.274;504.243;618.752;28;16.8429;0.1;-0.0097;-0.0384;0.6015
82600147;0;0;2;0;0.5949;-0.1657;-0.7823;-1.7054;-0.7486;-2.4101;-0.5007;-1.5371;-1.1846;-1.3914;0;240;240;360;536.541;531.959;534.392;28;16.8429;0.1;-0.0097;-0.0384;0.6015
82600147;0;2;3;0;1.4083;-0.3184;-0.7823;1.0351;0.678;-0.1357;1.0103;0.0515;0.7628;1.0346;0;240;240;360;573.795;542.837;607.552;28;16.8429;0.1;-0.0097;-0.0384;0.6015
82600147;0;0;5;0;0.1097;-0.4415;-0.7823;-0.2046;0.1408;-0.4396;-0.4758;-0.2477;0.385;0.2127;2;240;240;360;463.852;495.082;460.545;28;16.8429;0.1;-0.0097;-0.0384;0.6015
82600147;1;2;6;0;1.4083;0.2983;0.7703;-1.3147;-1.8434;-0.6947;-0.827;-0.627;0.6259;1.0346;0;240;240;120;623.775;528.465;563.422;28;16.8429;0.1;-0.0097;-0.0384;0.6015
82600147;0;0;5;0;0.4637;0.6818;-0.7823;-0.483;-0.5869;1.1793;-0.6696;0.3147;1.314;-0.6576;0;220;220;330;463.195;455.259;488.337;28;16.8429;0.1;-0.0097;-0.0384;0.6015
82600147;0;2;4;0;-0.0845;0.4846;0.1462;-0.4055;-0.7847;0.0477;-0.2662;-0.9062;1.314;-0.9167;0;220;220;330;544.221;541.548;615.212;28;16.8429;0.1;-0.0097;-0.0384;0.6015
82600147;0;0;5;0;1.8905;-0.6843;-0.7823;0.2058;0.7725;-0.5813;0.164;0.0235;0.4394;-0.6576;0;240;240;360;470.181;555.482;521.934;28;16.8429;0.1;-0.0097;-0.0384;0.6015
82600147;0;2;2;0;-0.6133;0.9303;-0.7823;-1.8519;-0.1988;-2.3003;-1.2979;-2.2838;1.314;-1.5824;1;240;240;120;395.682;429.381;477.796;28;16.8429;0.1;-0.0097;-0.0384;0.6015
82600147;1;0;6;0;0.4637;0.8801;-0.7823;0.8986;0.363;1.1793;0.6999;0.3097;-2.7106;-0.6576;2;240;240;360;458.767;339.05;377.457;28;16.8429;0.1;-0.0097;-0.0384;0.6015
82600154;0;0;6;0;0.8794;-0.3184;0.7703;4.0381;1.8498;1.1793;4.0894;2.4005;-0.5575;1.0346;0;180;180;120;567.795;519.958;551.316;18;7.5222;-1.4212;-1.4551;-3.3785;-0.7733
82600154;0;2;4;0;1.8905;0.6818;-0.7823;0.5622;1.8498;1.1793;-0.0196;-0.4692;-0.2441;1.0346;0;180;180;420;675.146;628.681;683.22;18;7.5222;-1.4212;-1.4551;-3.3785;-0.7733
82600154;0;0;6;0;1.1911;0.9423;0.2907;1.2173;1.1114;-0.1357;1.2332;1.5188;1.314;-2.4468;2;180;180;180;515.006;641.214;582.531;18;7.5222;-1.4212;-1.4551;-3.3785;-0.7733
82600154;0;0;6;0;1.0944;-0.3184;1.1625;3.2095;1.1114;1.1793;2.7351;2.3922;0.0297;-1.3914;0;180;180;360;623.227;620.484;556.048;18;7.5222;-1.4212;-1.4551;-3.3785;-0.7733
82600154;0;0;6;0;1.4083;0.6344;0.8615;1.2702;1.8498;1.1793;0.5793;1.2243;1.314;1.0346;2;240;240;360;572.981;552.728;597.635;18;7.5222;-1.4212;-1.4551;-3.3785;-0.7733
82600154;0;0;6;0;0.4637;-0.3184;0.1462;1.2931;1.1114;1.1793;0.8297;1.5886;0.385;1.0346;0;240;240;300;578.651;615.327;725.575;18;7.5222;-1.4212;-1.4551;-3.3785;-0.7733
82600154;0;0;6;0;-1.059;2.7249;-0.7823;1.1761;0.4405;1.1793;0.8735;1.4072;-0.2023;1.0346;0;180;180;120;584.8;570.028;513.93;18;7.5222;-1.4212;-1.4551;-3.3785;-0.7733
82600154;0;0;6;0;0.1097;-0.4509;-0.7823;0.0268;-0.2588;0.0477;-0.0786;0.8688;0.1597;-0.6576;2;180;240;300;587.764;699.094;649.853;18;7.5222;-1.4212;-1.4551;-3.3785;-0.7733
82600154;0;2;6;0;0.4637;-0.3086;-0.7823;1.4621;1.8498;1.1793;0.8459;1.1763;0.1597;1.0346;1;180;120;420;566.86;528.593;480.832;18;7.5222;-1.4212;-1.4551;-3.3785;-0.7733
82600154;0;0;6;0;0.1097;-0.3184;0.2907;0.8083;1.1114;1.1793;-0.0145;1.2352;1.314;0.5029;1;180;180;120;632.017;654.035;625.192;18;7.5222;-1.4212;-1.4551;-3.3785;-0.7733
82600154;0;0;6;0;0.1097;0.3241;-0.7823;2.8244;1.8498;1.1793;3.2841;2.1739;0.7628;1.0346;2;180;180;360;530.933;564.603;594.562;18;7.5222;-1.4212;-1.4551;-3.3785;-0.7733
82600154;0;0;6;0;1.8905;2.7249;-0.7823;0.8104;1.1114;1.1793;0.2246;1.2273;1.314;1.0346;0;300;0;300;613.928;756.076;696.846;18;7.5222;-1.4212;-1.4551;-3.3785;-0.7733
82600154;0;0;6;0;-0.4342;-0.1843;-0.7823;-0.0329;-1.3625;1.1793;0.1337;0.9076;0.4394;1.0346;1;180;180;360;590.046;622.686;530.358;18;7.5222;-1.4212;-1.4551;-3.3785;-0.7733
82600154;0;0;4;0;0.8794;0.0153;0.1462;2.0195;1.8498;1.1793;1.1574;0.4812;-0.476;1.0346;0;180;180;360;605.329;612.623;587.417;18;7.5222;-1.4212;-1.4551;-3.3785;-0.7733
82600154;0;0;6;0;-0.2006;0.4951;-0.7823;1.8221;1.1114;1.1793;1.5003;1.4626;1.314;-0.6576;0;180;180;420;677.615;647.9;655.867;18;7.5222;-1.4212;-1.4551;-3.3785;-0.7733
82600154;0;0;6;0;0.4637;-0.4415;-0.7823;1.2927;0.7725;1.1793;0.8163;1.2386;1.314;0.3622;2;180;180;360;585.952;635.672;628.146;18;7.5222;-1.4212;-1.4551;-3.3785;-0.7733
82600154;0;0;6;0;0.6556;0.6818;-0.7823;0.2438;-0.6184;0.7604;0.588;1.0153;1.314;0.3622;0;180;240;300;513.916;558.118;565.26;18;7.5222;-1.4212;-1.4551;-3.3785;-0.7733
82600160;0;0;6;0;1.4083;-0.1727;-0.7823;0.5427;0.5478;1.1793;0.1349;0.8196;1.314;-1.6735;0;220;220;220;508.362;539.493;609.718;28;11.3517;0.9868;1.0064;-0.335;-0.0452
82600160;0;0;3;0;1.8905;-0.4415;0.2907;-0.6298;-0.6699;1.1793;-0.5324;-0.9784;1.314;1.0346;0;240;240;300;546.449;586.502;511.98;28;11.3517;0.9868;1.0064;-0.335;-0.0452
82600160;0;2;4;0;0.4637;0.1496;-0.7823;0.5768;1.1114;1.1793;-0.0707;-0.2104;0.4394;0.2127;1;240;240;360;526.911;608.683;556.393;28;11.3517;0.9868;1.0064;-0.335;-0.0452
82600160;0;0;6;0;0.8794;-0.3184;-0.7823;0.0101;0.7725;1.1793;-0.6397;-0.0663;-0.6262;-1.1847;1;0;360;0;496.278;514.684;513.542;28;11.3517;0.9868;1.0064;-0.335;-0.0452
82600160;0;0;6;0;1.1422;-1.3192;0.7703;0.021;0.3125;0.0477;-0.3129;0.9875;1.314;-0.6576;1;240;240;300;556.757;525.588;495.973;28;11.3517;0.9868;1.0064;-0.335;-0.0452
82600160;0;2;2;0;0.4637;-0.6913;-0.7823;1.0006;0.1408;0.0477;1.6628;-0.7042;1.314;-0.6576;0;240;240;240;314.324;380.583;331.921;28;11.3517;0.9868;1.0064;-0.335;-0.0452
82600160;0;2;6;0;-1.4242;-0.6621;0.8615;0.6721;0.2817;1.1793;0.5614;1.1815;1.314;1.0346;0;220;220;275;511.793;519.244;436.54;28;11.3517;0.9868;1.0064;-0.335;-0.0452
82600160;0;2;6;0;0.4637;-0.9111;0.7703;-0.3867;-0.0396;0.031;-0.3176;-0.0772;1.314;-0.6576;2;240;240;360;422.219;448.126;470.06;28;11.3517;0.9868;1.0064;-0.335;-0.0452
82600160;0;0;6;0;1.1911;0.6818;-0.7823;-1.7127;-0.7486;-1.7306;-1.3523;-0.7954;0.3995;0.0224;0;220;220;275;437.4;524.418;424.286;28;11.3517;0.9868;1.0064;-0.335;-0.0452
82600160;0;2;6;0;1.8905;-1.0521;0.6725;0.7438;0.678;0.0477;0.5037;1.0976;0.7015;0.6364;0;240;240;360;676.178;646.523;689.081;28;11.3517;0.9868;1.0064;-0.335;-0.0452
82600162;1;0;6;0;1.8905;0.6818;0.2907;1.5247;0.7725;0.0477;1.5205;1.332;-0.9422;-1.0691;1;200;200;200;658.365;631.971;683.328;28;16.7543;1.6863;0.8371;-0.8602;0.9028
82600162;1;2;6;0;0.8207;-0.1858;0.2907;0.4045;0.0782;1.1793;0.1821;1.1765;0.4394;0.2169;2;200;200;600;669.917;565.521;631.1;28;16.7543;1.6863;0.8371;-0.8602;0.9028
82600163;0;0;6;0;1.8905;-0.8548;0.2907;-0.0655;-0.1662;1.1793;-0.0696;0.2772;1.314;0.3657;0;225;225;225;419.745;512.801;490.579;28;15.4667;-1.4212;-1.4551;0.1795;0.6015
82600163;1;2;3;0;0.1097;-0.4415;-0.7823;-0.4318;-0.2588;-0.8243;-0.3132;-0.6349;0.7015;-0.6576;0;250;250;250;530.258;518.552;537.785;28;15.4667;-1.4212;-1.4551;0.1795;0.6015
82600163;0;0;3;0;0.4637;-0.3184;0.2907;-1.012;-1.6109;-0.5492;-0.4807;-1.271;0.385;-0.6576;0;250;250;250;507.625;548.786;421.781;28;15.4667;-1.4212;-1.4551;0.1795;0.6015
82600163;0;0;4;0;1.8905;0.0348;-0.7823;-0.8661;-0.1662;1.1793;-1.1987;-0.8336;1.314;1.0346;1;250;250;250;560.623;547.825;579.562;28;15.4667;-1.4212;-1.4551;0.1795;0.6015
82600163;1;0;4;0;-1.8939;1.4685;0.2907;0.4849;-0.9386;-0.6853;1.9498;-0.4415;-0.2023;1.0346;1;250;250;250;506.377;476.632;587.585;28;15.4667;-1.4212;-1.4551;0.1795;0.6015
82600163;0;0;6;0;1.8905;-0.8548;3.8591;0.4466;0.8724;1.1793;0.0643;1.0008;-0.3971;-2.4468;0;250;250;250;489.574;478.815;433.672;28;15.4667;-1.4212;-1.4551;0.1795;0.6015
82600163;1;0;3;0;-0.9823;0.6818;1.1625;-0.0765;0.1408;-0.4396;0.051;0.197;1.314;1.0346;0;250;250;250;515.618;517.642;547.227;28;15.4667;-1.4212;-1.4551;0.1795;0.6015
82600163;0;0;5;0;0.6556;-0.7061;-0.7823;-0.0918;-1.8434;1.1793;0.2255;-0.1845;1.314;0.2169;0;275;275;275;511.94;540.718;546.289;28;15.4667;-1.4212;-1.4551;0.1795;0.6015
82600163;0;0;5;0;-0.9598;-0.3692;0.2907;-0.3629;0.2817;1.1793;-0.8296;-0.7226;0.385;-1.1847;0;250;250;250;551.362;700.047;662.899;28;15.4667;-1.4212;-1.4551;0.1795;0.6015
82600163;1;2;2;0;0.1097;0.0348;1.1211;-0.3001;-0.0396;-1.3001;0.4155;-1.3072;-0.4377;-1.6735;1;250;250;250;443.541;391.149;427.884;28;15.4667;-1.4212;-1.4551;0.1795;0.6015
82600165;1;0;4;0;0.4637;-0.4415;1.1625;0.8631;-0.3833;1.1793;1.16;-0.5221;1.314;-0.6576;0;360;360;360;559.056;513.595;539.842;18;7.08;-1.4212;-1.4551;-1.6198;-0.7866
82600165;0;2;6;0;0.052;-1.0831;1.5082;0.0364;-0.6184;-1.3216;0.673;0.5555;-1.1846;0.6364;0;165;165;495;547.263;587.689;574.971;18;7.08;-1.4212;-1.4551;-1.6198;-0.7866
82600165;0;0;6;0;-0.687;0.0255;1.7757;1.0574;-0.7847;1.1793;1.5011;0.9595;0.7628;1.0346;2;275;275;275;688.492;607.556;578.057;18;7.08;-1.4212;-1.4551;-1.6198;-0.7866
82600165;1;2;6;0;-0.687;2.7249;-0.7823;0.182;0.7725;-0.5668;0.0341;0.9476;-0.0037;1.0346;2;300;250;350;452.325;428.696;461.798;18;7.08;-1.4212;-1.4551;-1.6198;-0.7866
82600175;1;0;5;0;1.8905;-0.9836;0.1462;0.1263;0.0782;1.1793;-0.4048;0.4733;0.7015;1.0346;0;240;240;360;626.283;556.286;574.982;28;19.2472;-0.6884;-0.614;0.1795;0.2266
82600175;0;0;6;0;0.052;0.2968;-0.7823;-0.5624;-1.0715;0.031;-0.6875;0.749;1.314;1.0346;1;330;275;385;453.829;431.392;521.567;28;19.2472;-0.6884;-0.614;0.1795;0.2266
82600175;0;0;6;0;0.1097;0.1589;-0.7823;0.1301;-0.3018;1.1793;-0.077;-0.1778;0.3995;1.0346;0;180;180;300;505.522;564.331;484.386;28;19.2472;-0.6884;-0.614;0.1795;0.2266
82600175;1;2;6;0;0.1097;-0.3184;0.7703;-0.7174;-1.3625;1.1793;-0.6648;0.3567;-0.2023;1.0346;0;275;165;385;603.176;591.079;554.397;28;19.2472;-0.6884;-0.614;0.1795;0.2266
82600175;0;0;5;0;0.8794;-0.3184;-0.7823;1.2221;1.1114;-0.6853;1.0475;1.0262;0.7628;1.0346;0;385;385;550;541.932;566.722;523.822;28;19.2472;-0.6884;-0.614;0.1795;0.2266
82600177;1;0;6;0;0.4637;0.0676;-0.7823;-0.2437;-0.1662;-1.3001;0.588;0.7675;1.314;1.0346;0;240;240;240;342.835;389.578;475.425;18;10.013;-1.4212;-1.4551;-0.8074;0.8952
82600177;0;2;6;0;1.8905;-0.6693;-0.7823;2.4833;1.8498;1.1793;1.9351;1.948;1.314;1.0346;2;165;165;220;448.891;515.267;605.324;18;10.013;-1.4212;-1.4551;-0.8074;0.8952
82600177;0;2;6;0;0.4637;-1.0394;0.1462;0.2267;-0.5869;1.1793;0.43;0.688;1.314;1.0346;2;180;240;480;486.932;529.611;498.698;18;10.013;-1.4212;-1.4551;-0.8074;0.8952
82600182;0;2;4;0;-1.1858;0.1554;-0.7823;1.1807;0.7725;1.1793;1.1713;-0.1981;0.1694;1.0346;1;240;360;240;574.329;547.099;697.466;23;17.4035;1.9184;-0.5869;-1.1401;-0.1791
82600182;0;2;4;1;-0.13;-1.1174;1.4812;-0.3311;-0.1988;1.1793;-0.3554;-1.1157;0.4522;-0.6576;2;80;80;120;299.538;326.849;313.633;23;17.4035;1.9184;-0.5869;-1.1401;-0.1791
82600188;0;0;6;0;-0.2006;0.0348;-0.7823;-0.7115;-0.1662;1.1793;-1.0008;0.2934;1.314;-0.6576;0;300;300;240;331.99;407.38;367.986;23;14.8205;0.7566;-0.0879;0.2773;0.5642
82600188;0;0;6;0;0.4637;-0.3184;-0.7823;-0.267;0.1408;1.1793;-0.5442;0.6016;1.314;1.0346;0;240;240;240;475.425;418.191;492.776;23;14.8205;0.7566;-0.0879;0.2773;0.5642
82600188;0;0;6;0;1.8905;-0.8694;1.5346;0.7517;0.5478;0.0477;1.0023;0.6739;1.314;1.0346;0;240;240;240;471.049;473.402;442.204;23;14.8205;0.7566;-0.0879;0.2773;0.5642
82600188;1;0;6;0;1.4083;-0.0358;0.8615;0.9863;-0.1662;1.1793;0.9945;1.4587;0.7628;1.0346;0;300;300;360;572.711;444.299;538.933;23;14.8205;0.7566;-0.0879;0.2773;0.5642
82600188;0;2;5;0;0.4637;-0.3184;-0.7823;-0.4007;-0.3009;1.1793;-0.737;-0.4806;0.7015;-0.6576;0;240;240;180;530.585;532.223;550.892;23;14.8205;0.7566;-0.0879;0.2773;0.5642
82600188;1;2;6;0;0.0208;2.7249;-0.7823;-0.131;0.2139;1.1793;-0.6964;-0.3802;0.6259;1.0346;1;240;240;240;534.897;446.646;480.207;23;14.8205;0.7566;-0.0879;0.2773;0.5642
82600188;1;0;6;0;-1.4869;0.1634;0.2907;0.4066;0.2261;1.1793;-0.0415;0.6645;-0.5161;1.0346;0;240;300;360;675.789;579.979;654.698;23;14.8205;0.7566;-0.0879;0.2773;0.5642
82600188;1;0;3;0;1.4083;-0.7386;0.1462;0.3647;0.5478;1.1793;0.2221;0.1524;1.314;-0.6576;1;220;220;220;515.026;483.068;470.085;23;14.8205;0.7566;-0.0879;0.2773;0.5642
82600188;0;0;4;0;-0.6133;0.6818;-0.7823;0.3098;0.5478;1.1793;-0.077;0.5378;1.314;1.0346;1;300;420;240;512.678;533.485;525.118;23;14.8205;0.7566;-0.0879;0.2773;0.5642
82600188;0;0;4;0;1.8905;-0.9995;-0.7823;-0.5745;-0.7397;-0.5813;-0.2233;-0.6976;-0.1605;-1.8598;0;240;240;240;532.691;593.992;523.168;23;14.8205;0.7566;-0.0879;0.2773;0.5642
82600188;1;0;3;0;1.8905;0.2968;0.2907;-0.1445;-0.0444;1.1793;-0.3125;-0.8976;0.3995;1.0346;0;240;240;240;464.687;494.435;445.358;23;14.8205;0.7566;-0.0879;0.2773;0.5642
82600197;1;0;4;0;-1.8939;0.1935;0.2907;-0.223;-0.1662;0.0477;-0.0169;-0.7978;-0.6262;1.0346;2;240;240;300;499.931;466.712;441.433;28;17.9048;0.5916;0.1893;0.1795;0.6015
82600197;0;2;6;0;-0.4342;0.2243;-0.7823;0.41;-0.1662;1.1793;0.306;0.9853;1.314;0.6402;1;300;300;900;573.677;564.239;638.578;28;17.9048;0.5916;0.1893;0.1795;0.6015
82600197;1;0;5;0;-0.2006;-0.3184;-0.7823;0.0478;0.2817;0.7604;-0.0747;0.44;-0.3971;-0.6576;2;300;300;420;507.732;580.204;561.36;28;17.9048;0.5916;0.1893;0.1795;0.6015
82600197;0;0;4;0;0.1097;0.3241;0.2907;-0.8761;-1.8434;-0.4396;-0.3314;-1.0826;-0.7857;-0.6576;0;240;360;480;455.886;558.456;508.955;28;17.9048;0.5916;0.1893;0.1795;0.6015
82600197;1;2;6;0;0.8794;0.165;-0.7823;-0.1726;-0.7397;1.1793;0.4096;0.5169;0.2148;0.2169;1;240;240;360;450.311;479.264;490.848;28;17.9048;0.5916;0.1893;0.1795;0.6015
82600203;1;2;6;0;-1.8939;1.4326;-0.7823;-0.1542;0.0828;1.1793;-1.1591;0.595;0.7015;1.0346;1;240;240;240;642.838;599.408;568.888;28;9.2593;-1.4212;-1.4551;0.1795;0.8952
82600203;1;2;6;0;0.4637;-0.0939;0.2907;0.2686;0.1408;-1.008;0.4381;1.155;0.4394;1.0346;2;300;240;300;395.067;326.697;467.561;28;9.2593;-1.4212;-1.4551;0.1795;0.8952
82600203;0;0;5;0;1.4083;-0.3184;1.5082;-0.4527;-0.226;-0.4396;-0.3767;-0.3369;-0.3262;-1.1847;0;300;300;300;493.443;455.325;410.195;28;9.2593;-1.4212;-1.4551;0.1795;0.8952
82600203;1;2;6;0;0.4637;-0.4509;-0.7823;0.7391;0.439;0.6184;0.5679;0.7147;-0.2023;-0.6576;2;240;240;240;600.301;605.375;604.523;28;9.2593;-1.4212;-1.4551;0.1795;0.8952
82600203;1;0;3;0;0.4637;0.6879;-0.7823;-1.1161;-1.8434;0.0477;-1.018;-1.2821;1.314;1.0346;1;180;180;180;477.421;437.125;436.915;28;9.2593;-1.4212;-1.4551;0.1795;0.8952
82600203;1;0;4;0;1.8905;0.6818;-0.7823;0.4286;1.8498;1.1793;-0.4307;-0.1818;-0.1605;0.5029;1;240;240;300;626.953;601.091;642.781;28;9.2593;-1.4212;-1.4551;0.1795;0.8952
82600203;0;2;3;0;-0.687;-0.1657;-0.7823;-0.8099;-1.8434;1.1793;-0.4621;-0.6771;-0.2023;-0.6576;1;240;240;240;411.159;475.654;425.711;28;9.2593;-1.4212;-1.4551;0.1795;0.8952
82600203;0;2;6;0;0.8207;-0.7131;0.2907;0.0131;1.8498;1.1793;-0.8296;-0.1315;0.3485;-1.3939;2;220;220;275;451.598;516.261;514.168;28;9.2593;-1.4212;-1.4551;0.1795;0.8952
82600203;0;0;2;0;0.4637;-0.4415;-0.7823;-0.4467;-0.7847;0.031;-0.2182;-0.6001;-0.2744;-0.6576;2;240;240;240;443.06;452.098;457.732;28;9.2593;-1.4212;-1.4551;0.1795;0.8952
82600203;1;2;3;0;-1.2792;0.3018;0.2907;-1.7002;-0.9827;-1.3835;-0.9896;-1.0539;0.481;1.0346;2;240;180;300;450.922;470.834;495.135;28;9.2593;-1.4212;-1.4551;0.1795;0.8952
82600208;0;2;4;0;-0.687;1.4685;-0.7823;-0.4577;0.4764;-0.6853;-0.9016;-1.1597;1.314;1.0346;0;220;220;275;554.401;604.736;661.231;23;14.0306;-1.4212;-1.4551;-0.7912;-0.4289
82600208;1;2;6;0;-0.4678;0.3299;-0.7823;0.251;0.4405;1.1793;-0.5248;0.4295;0.7628;-1.4861;2;220;220;275;486.139;514.308;499.895;23;14.0306;-1.4212;-1.4551;-0.7912;-0.4289
82600208;1;2;5;0;-1.8939;1.4903;-0.7823;0.4831;1.1114;0.0477;0.0941;1.0053;0.4394;-0.6576;1;220;220;275;541.939;581.177;561.356;23;14.0306;-1.4212;-1.4551;-0.7912;-0.4289
82600208;0;2;5;0;-0.2006;-1.1836;1.4721;-0.1644;1.8498;-0.1357;-0.6386;-0.1232;1.314;0.2169;0;240;240;300;492.879;544.192;498.521;23;14.0306;-1.4212;-1.4551;-0.7912;-0.4289
82600208;1;0;1;0;-0.3799;0.5301;-0.7823;0.0873;-0.9827;1.1793;0.5513;-1.174;0.6259;-0.6576;0;220;220;275;537.934;405.145;332.932;23;14.0306;-1.4212;-1.4551;-0.7912;-0.4289
82600208;1;2;6;0;1.8905;-0.7384;-0.7823;0.4537;0.0782;0.0477;0.2233;0.1214;-1.017;0.6364;0;300;240;300;480.893;365.356;373.223;23;14.0306;-1.4212;-1.4551;-0.7912;-0.4289
82600208;1;2;4;0;0.176;-0.4415;0.8233;1.1459;0.678;1.1793;0.7382;0.1676;-1.6031;-0.6576;1;240;240;300;376.509;443.18;468.031;23;14.0306;-1.4212;-1.4551;-0.7912;-0.4289
82600208;0;2;6;0;0.1097;0.6818;-0.7823;-0.4024;0.2817;1.1793;-1.0258;0.6415;0.385;1.0346;2;240;240;300;597.155;657.439;637.77;23;14.0306;-1.4212;-1.4551;-0.7912;-0.4289
82600208;1;2;4;0;-0.7592;-0.4509;-0.7823;0.24;0.7725;1.1793;-0.3314;0.1719;0.7628;1.0346;0;240;240;300;607.722;597.752;561.632;23;14.0306;-1.4212;-1.4551;-0.7912;-0.4289
82600208;1;0;6;0;-1.8939;-0.3184;-0.7823;0.831;0.5478;1.1793;0.8417;1.393;1.314;1.0346;2;220;220;275;399.489;322.427;300.341;23;14.0306;-1.4212;-1.4551;-0.7912;-0.4289
82600208;0;2;4;0;0.4637;-0.3729;-0.7823;1.1826;0.7725;0.68;1.1556;-0.1973;1.314;1.0346;1;220;220;275;461.567;399.026;423.491;23;14.0306;-1.4212;-1.4551;-0.7912;-0.4289
82600208;1;2;6;0;-0.687;-0.9165;0.1462;0.0795;0.2261;1.1793;-0.5288;0.1369;-0.2023;1.0346;0;240;240;300;645.507;578.754;616.133;23;14.0306;-1.4212;-1.4551;-0.7912;-0.4289
82600208;0;2;6;0;1.3423;2.7249;0.1462;2.1261;1.8498;1.1793;1.67;1.6113;0.1597;1.0346;1;240;240;300;450.771;462.526;465.879;23;14.0306;-1.4212;-1.4551;-0.7912;-0.4289
82600208;0;2;2;0;1.4083;-0.4415;-0.7823;-0.5975;-1.8434;-0.1357;-0.0727;-1.6894;1.314;-2.4468;0;220;220;275;555.087;583.291;457.198;23;14.0306;-1.4212;-1.4551;-0.7912;-0.4289
82600208;1;0;6;0;-1.8939;2.7249;-0.7823;0.8427;0.1338;-0.1357;0.9422;1.1684;-0.2023;1.0346;1;240;240;300;519.992;549.374;497.312;23;14.0306;-1.4212;-1.4551;-0.7912;-0.4289
82600208;1;0;5;0;-0.687;0.2929;-0.7823;0.7698;0.4405;1.1793;0.5328;0.7394;-1.1481;-0.6576;0;300;0;300;618.401;518.447;571.465;23;14.0306;-1.4212;-1.4551;-0.7912;-0.4289
82600208;0;2;2;0;0.052;2.7249;0.1462;-0.2846;0.0782;1.1793;-0.6372;-0.9194;0.6259;-0.6576;1;240;240;240;512.622;509.707;498.482;23;14.0306;-1.4212;-1.4551;-0.7912;-0.4289
82600208;1;2;6;0;-1.8939;0.705;1.1318;0.3802;-0.0396;1.1793;0.3367;0.4946;-0.0771;1.0346;1;240;240;240;433.441;408.784;408.571;23;14.0306;-1.4212;-1.4551;-0.7912;-0.4289
82600208;0;0;4;0;1.8905;-0.3184;-0.7823;1.9253;0.363;1.1793;2.157;0.9916;1.314;-1.1847;0;240;240;240;439.684;534.981;508.697;23;14.0306;-1.4212;-1.4551;-0.7912;-0.4289
82600208;1;2;5;0;1.8905;-0.3273;0.2308;-0.3116;-0.7486;-1.9472;0.7483;-0.0659;0.0405;0.6364;0;200;200;250;482.254;359.688;463.889;23;14.0306;-1.4212;-1.4551;-0.7912;-0.4289
82600208;1;2;6;0;0.4637;-0.3184;-0.7823;0.2363;0.1687;1.1793;0.2417;-0.006;0.7015;1.0346;0;240;240;240;585.738;535.76;538.25;23;14.0306;-1.4212;-1.4551;-0.7912;-0.4289
82600208;0;2;6;0;1.8905;-1.4552;1.1729;-0.3519;-1.3625;-0.4396;-0.1855;0.7726;-0.9828;-2.4468;1;240;240;300;449.588;458.243;476.339;23;14.0306;-1.4212;-1.4551;-0.7912;-0.4289
82600212;1;2;6;0;1.0944;-0.6464;0.1462;0.2118;0.363;1.1793;-0.2978;1.131;-0.2023;1.0346;0;200;200;200;678.667;648.444;687.267;23;8.5645;-0.6884;-1.4551;-0.6364;0.6015
82600212;1;0;6;0;0.4637;-0.3184;0.7703;-0.028;-1.3625;-1.2189;1.9598;1.0295;0.4394;-1.3939;0;200;200;550;605.105;566.873;545.441;23;8.5645;-0.6884;-1.4551;-0.6364;0.6015
82600212;1;0;6;0;-0.2006;0.6818;-0.7823;0.5727;-0.3902;1.1793;1.1602;0.9918;0.6259;0.5029;2;200;200;400;619.01;644.498;570.633;23;8.5645;-0.6884;-1.4551;-0.6364;0.6015
82600212;0;2;6;0;0.4637;-1.1206;1.5082;1.1013;-0.5869;1.1793;1.1188;0.2848;-1.6385;-0.6576;1;220;165;440;554.8;563.048;657.607;23;8.5645;-0.6884;-1.4551;-0.6364;0.6015
82600219;0;2;6;0;0.8794;0.6401;1.2618;-0.2842;0.5478;-0.4396;-0.4007;0.5369;-0.3262;0.6364;2;165;165;330;594.553;602.51;725.454;18;6.5455;-1.4212;-0.1953;-2.0719;-0.1274
82600219;1;2;6;0;-1.8939;1.4326;0.8615;1.0013;-0.8559;0.0477;1.3656;1.4024;0.7015;-0.6439;0;165;165;165;642.767;626.383;667.673;18;6.5455;-1.4212;-0.1953;-2.0719;-0.1274
82600219;1;0;6;0;0.5949;0.6818;-0.7823;1.2351;0.5478;1.1793;1.1263;0.9662;1.314;1.0346;1;275;275;550;695.106;667.578;643.136;18;6.5455;-1.4212;-0.1953;-2.0719;-0.1274
82600228;0;0;6;0;1.8905;-0.3184;1.5346;1.5694;-0.3833;1.1793;2.4805;1.3244;0.7628;-0.6576;1;200;200;80;458.376;499.958;451.85;18;10.7467;-1.4212;-1.4551;-3.3785;-2.0409
82600231;1;0;6;0;-0.3799;-0.1843;0.2907;0.6163;1.8498;1.1793;-0.1169;1.1314;-0.0348;1.0346;0;240;300;240;573.707;596.691;525.905;23;16.6667;0.5916;0.43;-0.335;0.2266
82600232;0;2;6;0;0.8794;-0.3586;0.1462;-0.4708;0.7725;0.0477;-0.6465;-0.3805;-0.3673;1.0346;2;300;300;300;334.522;304.492;228.304;28;13.4118;0.1;0.43;-0.0384;0.2266
82600232;0;2;5;0;0.1097;-0.976;2.1379;-0.5223;-0.0396;0.0477;-0.5268;0.1532;1.314;0.3622;1;300;300;300;259.579;319.567;366.857;28;13.4118;0.1;0.43;-0.0384;0.2266
82600232;0;0;5;0;0.176;-0.1797;-0.7823;-2.0018;-1.3625;-1.6618;-1.4724;-0.8675;-0.9422;-0.6576;2;420;300;360;279.141;323.8;404.694;28;13.4118;0.1;0.43;-0.0384;0.2266
82600232;0;2;4;1;0.3335;-0.6464;-0.7823;-0.0823;-0.3009;-0.6853;0.3446;-0.9256;0.481;-0.6576;0;300;420;360;226.261;319.224;313.016;28;13.4118;0.1;0.43;-0.0384;0.2266
82600232;1;0;6;0;-1.1858;2.7249;-0.7823;-0.3315;-0.6699;1.1793;-0.1191;0.8633;1.314;1.0346;2;300;300;300;463.276;416.517;428.316;28;13.4118;0.1;0.43;-0.0384;0.2266
82600232;0;2;5;0;1.4083;-0.4415;-0.7823;-0.175;0.5478;0.0477;-0.0597;-0.6393;1.314;0.3622;1;300;300;300;324.582;399.385;330.056;28;13.4118;0.1;0.43;-0.0384;0.2266
82600232;1;2;6;0;0.8207;-0.2444;-0.7823;0.7727;0.5478;1.1793;0.5447;0.1318;0.6259;-2.4468;1;385;330;330;358.01;425.206;387.177;28;13.4118;0.1;0.43;-0.0384;0.2266
82600232;0;2;0;0;1.1911;-0.8548;0.8615;-0.8242;-0.1662;-0.1357;-0.751;-2.9055;0.481;1.0346;1;325;325;325;325.455;401.148;368.354;28;13.4118;0.1;0.43;-0.0384;0.2266
82600232;1;2;6;0;-1.8939;1.4685;1.2327;2.7865;1.1114;1.1793;4.0894;0.8676;1.314;1.0346;1;240;300;240;512.063;430.895;469.063;28;13.4118;0.1;0.43;-0.0384;0.2266
82600232;0;2;4;0;1.8905;-0.392;0.8233;-0.3364;-0.5792;-0.1357;-0.2096;0.0049;-1.1608;1.0346;2;420;360;360;570.839;381.738;517.127;28;13.4118;0.1;0.43;-0.0384;0.2266
82600232;1;2;6;0;-1.2319;0.6818;-0.7823;-0.2131;0.5478;1.1793;-0.457;-0.0956;1.314;1.0346;2;300;240;300;372.281;412.896;458.214;28;13.4118;0.1;0.43;-0.0384;0.2266
82600232;1;2;5;0;-0.687;0.4766;-0.7823;0.5412;0.1338;1.0788;0.5582;0.1948;1.314;-1.9687;0;330;330;330;343.987;310.65;336.264;28;13.4118;0.1;0.43;-0.0384;0.2266
82600234;0;0;6;0;-0.687;-0.0358;-0.7823;1.2279;0.4317;1.1793;0.4671;1.1799;-0.2023;-0.6576;0;240;240;360;632.186;589.383;546.785;23;15.6211;-0.6344;0.1964;-0.6199;-2.0409
82600234;0;0;4;0;-0.687;-0.4509;-0.7823;-0.2381;-1.3625;1.1793;0.1218;-0.9784;0.385;1.0346;1;240;240;480;546.154;590.748;601.861;23;15.6211;-0.6344;0.1964;-0.6199;-2.0409
82600234;0;2;5;0;0.052;-1.0541;1.7669;0.7138;0.4405;1.1793;0.3583;0.2358;0.385;-2.4468;0;240;360;360;476.518;487.056;524.833;23;15.6211;-0.6344;0.1964;-0.6199;-2.0409
82600234;1;2;6;0;-1.8939;2.7249;-0.7823;-0.0277;0.1687;1.1793;-0.2405;0.3115;0.7628;1.0346;1;300;300;360;476.168;484.339;465.09;23;15.6211;-0.6344;0.1964;-0.6199;-2.0409
82600234;1;0;5;0;-0.687;-0.5878;0.7703;0.8396;0.1338;1.1793;1.1188;0.9266;-1.1481;-0.6576;0;240;240;240;473.61;394.176;435.052;23;15.6211;-0.6344;0.1964;-0.6199;-2.0409
82600234;0;0;4;0;1.4083;-0.6843;1.7926;0.4096;-0.0396;1.1793;0.2608;-0.0681;-0.3673;-2.4468;0;240;240;480;515.48;636.304;575.253;23;15.6211;-0.6344;0.1964;-0.6199;-2.0409
82600234;1;0;5;0;-1.2792;-0.4703;1.1928;1.0162;1.8498;1.1793;0.3281;0.9011;0.6259;1.0346;2;240;240;540;499.537;455.065;536.832;23;15.6211;-0.6344;0.1964;-0.6199;-2.0409
82600234;1;0;6;0;0.1097;0.6818;-0.7823;0.1557;-0.1728;1.1793;0.0448;0.7262;-0.2023;0.2127;1;240;240;480;539.891;519.528;593.231;23;15.6211;-0.6344;0.1964;-0.6199;-2.0409
82600236;0;2;3;0;0.8794;-0.3184;0.7703;-0.5621;-0.7397;-0.9779;0.1789;-0.9497;1.314;-0.6576;0;420;420;420;507.798;453.017;432.019;28;13.9848;-1.4212;0.0396;-0.4669;-0.4415
82600236;0;2;6;0;1.0109;-0.3184;-0.7823;-0.7709;-1.8434;-0.1357;-0.6372;-1.1086;1.314;1.0346;0;300;350;400;529.357;529.94;557.887;28;13.9848;-1.4212;0.0396;-0.4669;-0.4415
82600236;1;0;6;0;-0.9295;1.4693;0.2308;1.4553;0.7725;1.1793;1.7702;1.1611;1.314;1.0346;0;300;300;300;429.898;335.505;408.367;28;13.9848;-1.4212;0.0396;-0.4669;-0.4415
82600236;1;2;5;0;0.8794;-1.4649;2.896;-0.0924;-0.9386;1.1793;0.1777;0.3807;0.4394;1.0346;2;275;275;275;480.922;437.357;510.827;28;13.9848;-1.4212;0.0396;-0.4669;-0.4415
82600236;1;0;0;0;-0.0845;-0.5459;2.0417;-0.7512;-1.8434;-0.6853;-0.118;-2.7268;-1.2443;0.5029;2;660;660;660;372.776;310.927;349.583;28;13.9848;-1.4212;0.0396;-0.4669;-0.4415
82600236;0;0;6;0;0.052;1.4903;0.2907;0.3031;-1.8434;1.1793;0.9842;0.2234;1.314;1.0346;0;540;420;420;453.792;492.396;412.098;28;13.9848;-1.4212;0.0396;-0.4669;-0.4415
82600236;0;2;4;1;1.8905;-1.2048;0.6725;1.3255;-0.0396;1.1793;1.7702;0.7284;0.2384;1.0346;0;420;360;360;400.769;497.562;534.207;28;13.9848;-1.4212;0.0396;-0.4669;-0.4415
82600241;0;0;6;0;-1.8939;-3.2367;-0.7823;0.6254;0.7725;1.1793;0.2409;0.9221;1.314;1.0346;0;200;250;200;385.827;480.545;379.306;23;13.4848;-0.113;-0.5869;-0.6199;-0.8267
82600241;0;0;3;0;-1.0109;0.1448;0.2907;-0.3475;-0.3833;-0.8449;-0.2347;-0.4815;1.314;-0.6576;0;400;400;400;545.256;460.852;481.798;23;13.4848;-0.113;-0.5869;-0.6199;-0.8267
82600241;0;2;3;0;-0.9823;-1.1803;-0.7823;0.5533;0.4405;0.7604;0.262;-0.785;1.314;1.0346;0;100;300;100;302.076;382.87;379.337;23;13.4848;-0.113;-0.5869;-0.6199;-0.8267
82600241;0;0;3;0;1.0671;-2.4306;2.896;-1.3018;-1.0715;-1.7646;-0.4788;-1.3637;-1.1481;-1.3914;0;200;250;250;505.373;531.848;444.709;23;13.4848;-0.113;-0.5869;-0.6199;-0.8267
82600241;0;2;5;0;0.6556;0.6344;-0.7823;-1.2405;-1.8434;-0.8449;-0.7749;-0.108;1.314;0.5029;0;350;300;400;430.236;520.084;455.969;23;13.4848;-0.113;-0.5869;-0.6199;-0.8267
82600241;0;0;6;0;-1.8939;-0.3184;-0.7823;1.3351;1.8498;1.1793;0.4916;1.2842;1.314;1.0346;1;315;225;225;432.487;510.026;498.249;23;13.4848;-0.113;-0.5869;-0.6199;-0.8267
82600241;0;2;4;0;-0.3799;0.3018;-0.7823;-0.1017;1.1114;0.0477;-0.5965;0.1275;-0.7857;-1.3939;0;495;330;330;313.869;400.28;321.694;23;13.4848;-0.113;-0.5869;-0.6199;-0.8267
82600241;0;0;5;0;0.1097;-0.7814;0.1462;-0.2324;1.8498;-0.8532;-0.7146;0.3215;-0.2023;-0.6576;0;200;250;250;484.174;506.803;545.625;23;13.4848;-0.113;-0.5869;-0.6199;-0.8267
82600241;0;0;6;0;0.8794;0.4766;0.2308;0.5508;0.7725;1.1793;0.2503;0.8934;1.314;-0.6576;0;200;250;250;469.425;526.259;491.672;23;13.4848;-0.113;-0.5869;-0.6199;-0.8267
82600241;0;2;3;0;-0.2006;-0.5707;0.1462;-1.5313;-0.7397;0.0477;-1.7445;-1.4706;0.6259;0.2127;0;200;250;250;439.155;494.093;449.535;23;13.4848;-0.113;-0.5869;-0.6199;-0.8267
82600241;0;2;6;0;-1.8939;1.4685;-0.7823;0.8285;1.7664;1.1793;0.0273;1.0421;1.314;1.0346;0;250;300;400;622.432;667.826;612.248;23;13.4848;-0.113;-0.5869;-0.6199;-0.8267
82600241;0;2;6;0;-0.4342;0.6818;-0.7823;0.4332;1.8498;1.1793;-0.2092;0.8749;-0.0771;1.0346;0;1250;1250;950;517.119;590.574;551.161;23;13.4848;-0.113;-0.5869;-0.6199;-0.8267
82600241;0;2;6;0;-0.3799;-0.4509;-0.7823;-0.9996;-0.9386;-0.6853;-0.758;0.2373;-0.2023;0.2127;2;275;330;275;524.58;510.078;443.771;23;13.4848;-0.113;-0.5869;-0.6199;-0.8267
82600241;0;2;6;0;-0.9823;0.9423;0.1462;0.9824;1.1114;1.1793;0.3602;1.2063;1.314;-2.4468;1;200;250;400;421.457;480.174;393.006;23;13.4848;-0.113;-0.5869;-0.6199;-0.8267
82600248;1;0;6;0;-0.687;-0.3184;0.8615;-1.0265;-1.8434;-0.9779;-0.3305;0.2571;0.7628;-0.6576;2;150;1500;100;431.08;493.391;374.98;18;9.1217;-1.4212;-1.4551;0.1795;0.2266
82600248;1;0;6;0;-0.7592;0.0348;1.8016;0.1524;-0.0462;-0.6853;0.3679;0.8762;-0.9734;-1.0657;0;150;150;150;533.52;500.757;464.476;18;9.1217;-1.4212;-1.4551;0.1795;0.2266
82600248;1;0;6;0;0.4637;0.5251;-0.7823;3.183;1.8498;1.1793;2.145;2.1355;-0.2023;-2.4468;0;150;150;300;651.34;610.952;590.17;18;9.1217;-1.4212;-1.4551;0.1795;0.2266
82600248;1;2;5;0;1.8905;-1.4191;2.07;0.4506;-0.8559;1.1793;0.3601;0.7933;0.7015;1.0346;0;220;165;165;512.78;548.637;601.884;18;9.1217;-1.4212;-1.4551;0.1795;0.2266
82600248;1;0;6;0;-1.1858;0.8801;-0.7823;1.7753;1.1114;1.1793;1.1333;1.5631;-0.8154;1.0346;0;150;150;450;620.674;540.517;661.416;18;9.1217;-1.4212;-1.4551;0.1795;0.2266
82600255;1;2;2;0;0.4637;2.7249;0.2907;0.5752;0.5478;1.1793;0.3916;-0.8541;0.4394;1.0346;1;220;220;220;402.254;423.25;460.065;28;16.9333;-1.4212;0.0055;0.4781;0.5642
82600255;0;0;3;1;0.5949;-1.0499;0.8233;-0.8774;0.1687;0.0477;-1.2385;-1.0832;-0.3971;1.0346;0;240;240;240;432.854;497.289;398.249;28;16.9333;-1.4212;0.0055;0.4781;0.5642
82600255;1;0;6;0;-0.3288;-0.6693;0.8615;-0.769;-0.9827;-0.1357;-0.4044;0.3924;-0.6661;-0.6576;0;220;220;220;508.861;484.837;396.907;28;16.9333;-1.4212;0.0055;0.4781;0.5642
82600255;0;2;4;0;1.8905;-0.3586;-0.7823;1.1589;1.1114;1.1387;0.6844;-0.2919;-0.5864;1.0346;2;240;240;240;457.573;512.008;507.764;28;16.9333;-1.4212;0.0055;0.4781;0.5642
82600255;0;0;4;0;1.1911;-0.4509;-0.7823;-1.2577;-1.8434;0.0477;-1.3719;-1.2441;0.7015;0.2169;0;220;220;220;567.626;583.886;544.912;28;16.9333;-1.4212;0.0055;0.4781;0.5642
82600255;1;2;6;0;1.8905;0.4951;0.8233;-0.3553;-1.8434;-1.4781;0.6608;0.5099;-2.7106;-2.4468;0;220;220;110;463.724;498.888;478.913;28;16.9333;-1.4212;0.0055;0.4781;0.5642
82600255;0;2;2;0;-0.4342;-0.6202;-0.7823;-1.0985;-1.8434;-0.4396;-0.6318;-1.6314;-1.1965;0.6402;1;200;200;200;465.211;527.704;515.073;28;16.9333;-1.4212;0.0055;0.4781;0.5642
82600259;0;0;5;0;0.8794;-0.3184;1.1625;-0.3731;-0.0506;-0.1357;-0.5244;-0.0915;-0.2023;1.0346;1;240;240;300;506.049;559.915;567.16;23;16.6607;-1.4212;-0.3265;0.0768;0.2266
82600261;1;0;6;0;1.8905;-0.9165;1.1625;0.1682;0.4764;-0.9649;0.4299;1.0748;-0.8998;-0.6576;0;350;350;350;436.367;350.687;403.128;28;15.7424;0.0686;0.0055;-0.0384;0.2266
82600262;0;2;5;0;1.8905;-0.4415;-0.7823;-0.2919;0.7725;1.1793;-1.1235;-0.1772;-0.2023;0.2169;1;240;240;300;526.646;528.627;581.702;28;16.1379;0.8006;0.592;-0.6199;0.2169
82600278;1;0;6;0;1.8905;-0.1903;0.7703;1.3421;0.678;1.1793;0.5481;1.4651;0.4522;0.5029;2;480;400;480;633.644;615.931;664.029;13;7.6852;-1.4212;-1.4551;-3.3785;-2.0409
82600278;1;2;5;0;0.3335;-0.3184;0.2907;1.6353;1.8498;1.1793;1.3263;0.9636;1.314;0.0224;0;200;200;320;613.489;618.861;637.157;13;7.6852;-1.4212;-1.4551;-3.3785;-2.0409
82600278;1;0;6;0;0.4637;-0.5878;-0.7823;0.6454;0.2139;-0.6853;0.5762;0.8631;1.314;1.0346;1;200;200;480;663.126;667.498;712.051;13;7.6852;-1.4212;-1.4551;-3.3785;-2.0409
82600278;1;0;6;0;1.8905;-0.0358;-0.7823;1.6414;0.7725;0.0477;1.7568;1.4441;1.314;0.5029;0;275;275;220;613.282;690.392;570.841;13;7.6852;-1.4212;-1.4551;-3.3785;-2.0409
82600278;1;0;6;0;1.8905;-0.0614;1.2618;0.3445;-0.0396;0.2646;0.2279;0.9356;0.4394;0.3657;2;280;200;200;588.37;599.763;524.453;13;7.6852;-1.4212;-1.4551;-3.3785;-2.0409
82600278;1;0;6;0;0.4637;-0.6464;0.2907;1.8675;0.7725;1.1793;2.1705;1.2399;-0.2023;-0.6576;1;180;180;180;662.018;628.637;704.804;13;7.6852;-1.4212;-1.4551;-3.3785;-2.0409
82600278;1;0;4;0;0.052;0.6879;-0.7823;0.2532;-0.9827;-1.2622;1.5879;-0.7802;-0.4377;-0.6576;1;200;200;160;621.083;576.84;572.973;13;7.6852;-1.4212;-1.4551;-3.3785;-2.0409
82600278;1;0;6;0;0.8207;-0.5635;-0.7823;1.8917;0.678;0.0477;1.7568;1.8042;0.4394;-0.6576;2;200;160;480;641.504;604.427;518.348;13;7.6852;-1.4212;-1.4551;-3.3785;-2.0409
82600280;1;0;4;0;0.4637;-0.3184;-0.7823;1.4134;0.7725;1.1793;0.8983;0.5469;-0.5575;0.2169;0;250;250;250;607.019;626.776;609.046;28;10.7595;0.4292;0.1825;1.0522;-0.1791
82600280;1;2;6;0;0.6556;-0.3184;0.8233;0.5163;0.7725;1.1793;0.1276;1.1069;0.2048;0.2127;0;250;250;250;554.658;571.157;535.135;28;10.7595;0.4292;0.1825;1.0522;-0.1791
82600280;0;0;6;0;-0.7985;2.7249;-0.7823;0.6213;0.6322;1.1793;0.1397;1.1844;1.314;1.0346;2;250;250;250;443.303;531.685;453.111;28;10.7595;0.4292;0.1825;1.0522;-0.1791
82600282;1;0;4;0;1.8905;-0.6659;0.2907;-1.0197;-1.8434;-1.9183;-0.1062;-0.7617;-0.6262;-1.5824;0;90;90;150;535.804;571.054;473.341;23;16.6842;-0.2692;-0.2968;-0.8602;0.2266
82600302;0;0;6;0;0.8794;-0.9331;-0.7823;0.1269;-0.8559;-0.6947;0.5262;0.9075;-0.2023;-1.1847;1;240;300;360;610.323;576.359;612.309;28;18.2198;1.3065;0.6736;0.1945;0.5642
82600302;0;0;6;0;-0.2006;0.5159;-0.7823;-0.4506;0.7725;0.0477;-1.0723;-0.0334;0.7628;0.6402;1;240;300;300;626.184;678.446;666.494;28;18.2198;1.3065;0.6736;0.1945;0.5642
82600302;1;0;4;0;-1.8939;-2.4085;3.8591;0.3438;0.5478;1.1793;0.4475;-0.8205;1.314;-0.6576;1;260;325;390;466.854;443.918;511.518;28;18.2198;1.3065;0.6736;0.1945;0.5642
82600302;1;0;6;0;0.4637;2.7249;0.2907;0.3844;-0.3559;1.1793;0.384;0.9365;1.314;1.0346;1;240;300;300;554.887;587.829;595.236;28;18.2198;1.3065;0.6736;0.1945;0.5642
82600303;1;0;6;0;0.052;0.1589;-0.7823;0.1372;-0.2522;0.2646;-0.0989;0.9287;1.314;0.5029;1;720;480;960;571.027;651.557;712.489;23;17.6842;0.4292;-1.4551;-0.8602;-0.7733
82600303;1;2;6;0;-0.6133;1.4903;-0.7823;0.4529;1.1114;1.1793;-0.0692;0.3785;0.3995;-1.7671;1;150;225;150;607.176;554.689;549.247;23;17.6842;0.4292;-1.4551;-0.8602;-0.7733
82600303;1;0;3;0;0.4637;0.3241;0.8233;-0.6589;-0.3833;1.1793;-0.7918;-1.0917;1.314;0.2169;0;225;225;375;474.267;533.898;517.185;23;17.6842;0.4292;-1.4551;-0.8602;-0.7733
82600317;0;2;6;0;0.4637;-0.0358;-0.7823;0.9242;-0.1316;0.0477;1.1505;1.281;-0.2023;0.6402;0;240;180;240;514.964;589.107;590.824;28;9.75;-1.4212;-0.4314;-1.0431;-0.8267
82600317;0;0;6;0;1.8905;-0.246;0.2907;-0.7238;-1.3625;1.1793;-0.4907;0.5054;1.314;1.0346;0;420;360;720;528.621;578.426;613.653;28;9.75;-1.4212;-0.4314;-1.0431;-0.8267
82600317;0;0;5;0;0.4637;0.8801;-0.7823;-0.3535;1.8498;0.0477;-1.184;0.2702;1.314;1.0346;1;240;180;240;728.975;612.434;604.666;28;9.75;-1.4212;-0.4314;-1.0431;-0.8267
82600317;0;2;6;0;0.1097;-0.7711;0.8233;0.1392;0.2741;1.1387;-0.1613;0.7192;-0.2023;-1.1847;1;240;240;300;419.518;515.377;601.455;28;9.75;-1.4212;-0.4314;-1.0431;-0.8267
82600317;0;0;6;0;-0.9598;0.1791;-0.7823;-0.076;-0.3902;0.0477;-0.0047;0.7796;0.7015;-2.4468;1;240;180;300;465.544;532.15;491.484;28;9.75;-1.4212;-0.4314;-1.0431;-0.8267
82600319;0;0;6;0;1.8905;-0.5719;0.7703;0.8306;1.0967;1.1793;0.5967;1.0118;0.7015;0.0224;0;240;240;540;575.605;568.584;561.898;28;17.5928;-0.0703;-1.4551;-0.8602;0.2266
82600319;0;0;5;0;1.8905;-0.0358;0.2907;-0.5723;-0.2588;1.1793;-1.0094;0.1776;-0.7366;0.0224;0;240;240;540;600.322;613.417;592.549;28;17.5928;-0.0703;-1.4551;-0.8602;0.2266
82600319;1;2;6;0;1.3423;-0.2843;0.1462;0.9196;-0.7486;1.1793;0.9939;1.3762;-2.7106;-2.0819;2;260;260;585;591.769;624.209;677.145;28;17.5928;-0.0703;-1.4551;-0.8602;0.2266
82600319;0;2;3;0;-0.9598;2.7249;-0.7823;-1.034;-0.6699;-0.9888;-0.7588;-1.4568;1.314;-1.1817;2;240;240;240;510.896;545.143;444.867;28;17.5928;-0.0703;-1.4551;-0.8602;0.2266
82600319;0;0;6;0;0.2734;-0.914;1.7926;0.5997;0.7725;1.1793;-0.1355;1.2951;-0.2023;1.0346;2;240;240;540;576.674;733.913;643.233;28;17.5928;-0.0703;-1.4551;-0.8602;0.2266
82600321;1;2;6;0;0.052;-0.4552;0.8615;0.2589;-0.1662;1.1793;0.2259;0.9002;-0.2023;1.0346;2;490;350;420;566.044;571.001;547.876;23;14.0698;0.8339;1.5435;-1.1401;0.6015
82600321;1;2;6;0;1.8905;-1.4007;2.3432;0.3115;0.1408;1.1793;0.3003;1.1732;-0.5973;-1.58;1;240;240;240;577.362;563.381;608.353;23;14.0698;0.8339;1.5435;-1.1401;0.6015
82600321;0;0;6;0;1.8905;-0.4415;-0.7823;0.8604;0.1338;1.1793;1.1113;1.4055;-0.3673;0.5029;0;240;240;240;454.54;396.207;397.118;23;14.0698;0.8339;1.5435;-1.1401;0.6015
82600331;0;2;6;0;-0.3799;-0.4509;-0.7823;-1.0065;-1.8434;0.0477;-0.6565;0.4955;0.7628;1.0346;0;250;0;250;583.811;526.17;474.954;23;17.61;0.4997;0.2633;0.1945;-0.7833
82600331;0;2;1;0;1.4083;-1.0572;-0.7823;0.0184;-0.1662;1.1793;0.2704;-1.2824;-1.1481;-0.6576;0;250;250;450;542.494;602.254;487.774;23;17.61;0.4997;0.2633;0.1945;-0.7833
82600331;1;2;2;0;-0.687;-0.3184;1.8279;0.0251;-0.5792;0.2646;0.3628;-0.9248;0.4522;-1.6711;2;250;250;450;616.866;572.581;654.774;23;17.61;0.4997;0.2633;0.1945;-0.7833
82600331;1;0;5;0;1.4083;-0.5995;2.0987;-0.0328;-0.6184;1.1793;-0.0368;-0.325;-0.013;0.5029;0;250;250;450;504.375;530.564;445.299;23;17.61;0.4997;0.2633;0.1945;-0.7833
82600344;1;2;4;0;-0.687;-0.5635;0.2907;-0.6293;-0.6184;-0.9302;-0.4096;-0.7458;1.314;-1.0691;1;240;300;180;439.454;441.523;464.872;23;14.7321;1.4783;0.592;1.0522;-0.1662
82600344;0;2;3;0;0.4637;-0.3184;1.1625;-0.5806;1.1114;-0.5492;-1.0273;-1.0582;0.6259;-1.1847;2;260;260;260;521.726;533.161;528.173;23;14.7321;1.4783;0.592;1.0522;-0.1662
82600344;1;0;6;0;-0.687;0.1554;-0.7823;0.535;-0.4711;0.0477;0.945;0.8722;-0.3971;1.0346;2;260;260;260;585.985;608.641;568.864;23;14.7321;1.4783;0.592;1.0522;-0.1662
82600344;0;2;3;0;-0.3799;-0.3184;-0.7823;-0.9643;-0.0396;0.2646;-1.3479;-0.2587;-0.3971;-1.1817;0;240;240;240;476.173;457.945;492.216;23;14.7321;1.4783;0.592;1.0522;-0.1662
82600344;1;2;6;0;-0.6133;-1.2859;1.8368;-0.9434;-1.3625;-0.9779;-0.3164;-0.7135;-0.5973;-0.6576;0;240;240;240;428.712;363.525;483.64;23;14.7321;1.4783;0.592;1.0522;-0.1662
82600344;1;0;6;0;0.855;0.2243;0.7703;-1.1766;-0.7397;-1.4253;-0.5475;-0.4789;1.314;-1.0691;0;260;260;260;413.96;442.936;382.97;23;14.7321;1.4783;0.592;1.0522;-0.1662
82600344;1;2;6;1;1.8905;-0.6843;1.8279;-0.0671;0.5478;1.1793;-0.4124;0.2784;1.314;0.5029;2;240;240;240;515.847;537.505;539.595;23;14.7321;1.4783;0.592;1.0522;-0.1662
82600345;0;2;2;0;0.5949;0.4152;0.7703;-1.237;-0.3729;-0.7412;-1.3469;-1.8952;-0.3971;-1.6711;1;300;300;450;703.853;657.874;675.764;28;15.7638;1.2478;-0.3163;-0.0956;0.2266
82600345;1;2;6;0;-1.8939;2.7249;-0.7823;-1.1028;-0.9386;-2.4101;0.402;-0.7169;1.314;1.0346;1;175;140;140;417.217;411.186;494.885;28;15.7638;1.2478;-0.3163;-0.0956;0.2266
82600345;0;2;6;0;-0.0845;-0.9174;0.2907;-0.617;-0.0992;0.2646;-1.0235;-0.052;0.4394;1.0346;1;300;300;300;476.871;556.404;567.08;28;15.7638;1.2478;-0.3163;-0.0956;0.2266
82600346;0;2;5;0;1.8905;-0.7764;0.8233;-0.3581;-0.5792;-0.4396;-0.1827;0.3675;-0.7857;-1.1847;1;250;250;450;502.267;477.422;459.684;18;14.2188;-1.4212;-1.4551;-0.5078;0.2266
82600346;0;0;6;0;0.8794;0.1756;-0.7823;0.0337;-0.5792;-0.4396;0.7712;-0.3227;1.314;-0.6439;0;250;250;450;425.018;454.492;579.332;18;14.2188;-1.4212;-1.4551;-0.5078;0.2266
82600346;0;0;4;0;1.4083;-0.1562;0.1462;-0.2379;-0.5792;-1.2049;0.5675;-0.7749;-0.909;-2.4468;0;250;250;250;467.68;475.891;529.353;18;14.2188;-1.4212;-1.4551;-0.5078;0.2266
82600346;0;2;6;0;-0.9598;-0.3184;0.7703;0.9256;1.1114;1.1793;0.5014;0.5152;1.314;1.0346;1;300;300;300;372.069;505.826;470.749;18;14.2188;-1.4212;-1.4551;-0.5078;0.2266
82600346;1;0;5;0;1.8905;0.171;-0.7823;-0.6517;-0.5489;1.1793;-0.4658;0.144;1.314;1.0346;2;225;270;225;487.462;483.183;538.765;18;14.2188;-1.4212;-1.4551;-0.5078;0.2266
82600347;1;2;5;0;1.0671;0.3241;0.8615;-0.4426;-0.7397;0.0477;-0.0825;0.2325;1.314;-0.9167;0;200;200;250;492.91;558.936;537.278;28;18.9741;1.7368;0.592;0.1795;-0.1791
82600348;1;0;6;0;-1.8939;1.4903;-0.7823;-0.655;-1.8434;1.1793;-0.3447;0.4441;-1.4252;0.6402;1;240;240;360;435.61;459.63;488.968;23;12.6136;1.2478;0.6736;0.4147;0.9355
82600356;0;0;3;0;-1.1858;-1.0013;0.7703;-0.9437;-0.3902;-1.1194;-0.7635;-1.1112;-0.7769;-0.6576;0;275;330;330;398.135;416.218;381.603;23;13.4897;-0.0784;0.592;0.4651;0.8952
82600356;0;2;4;0;0.5949;-0.5759;-0.7823;0.7043;0.1408;1.1793;0.593;0.3171;1.314;-0.6576;0;300;300;360;506.764;485.593;508.915;23;13.4897;-0.0784;0.592;0.4651;0.8952
82600356;0;0;4;0;-0.2006;1.4685;-0.7823;-0.8935;-0.3559;1.1793;-1.2681;-0.6857;0.6259;0.5029;0;300;300;360;458.199;434.12;456.421;23;13.4897;-0.0784;0.592;0.4651;0.8952
82600356;0;0;5;0;0.052;-1.0541;0.2308;-0.3498;-1.8434;0.0477;0.1841;-0.0674;1.314;0.2127;0;300;250;450;501.759;579.975;568.634;23;13.4897;-0.0784;0.592;0.4651;0.8952
82600356;1;0;3;0;-1.1597;1.4903;-0.7823;-0.5472;-0.3009;-0.6853;-0.0141;-0.9434;-1.3345;0.2127;0;240;300;360;520.99;446.455;472.647;23;13.4897;-0.0784;0.592;0.4651;0.8952
82600356;0;2;4;0;0.4637;2.7249;-0.7823;-0.2545;0.0028;1.1793;-0.2796;-0.9638;1.314;1.0346;2;240;300;540;462.472;518.193;546.98;23;13.4897;-0.0784;0.592;0.4651;0.8952
82600356;1;2;2;0;1.0671;-0.8948;1.1625;-1.2158;-0.9827;-0.6944;-0.9722;-1.9615;-2.7106;1.0346;1;300;300;300;454.416;508.577;489.493;23;13.4897;-0.0784;0.592;0.4651;0.8952
82600356;0;0;6;0;1.8905;-0.3184;-0.7823;-0.0272;0.5478;1.1793;-0.2311;-0.0558;1.314;1.0346;0;240;300;240;368.457;392.964;298.643;23;13.4897;-0.0784;0.592;0.4651;0.8952
82600356;0;2;3;0;0.1097;-0.1657;-0.7823;-0.4581;0.5478;-0.8947;-0.34;-1.1599;0.3485;-0.6576;2;240;300;360;462.824;410.836;448.175;23;13.4897;-0.0784;0.592;0.4651;0.8952
82600356;0;0;6;0;-0.2006;0.0215;0.2907;-0.755;-1.8434;-1.1194;0.1052;0.5008;0.385;1.0346;0;300;300;540;430.117;469.29;564.78;23;13.4897;-0.0784;0.592;0.4651;0.8952
82600364;1;2;6;0;-1.8939;0.0348;0.2907;0.1126;-0.3902;-0.4396;0.6644;0.7079;-0.1605;0.6364;0;500;400;300;545.595;570.674;559.863;23;5.0261;-0.2376;0.592;0.4651;0.6015
82600364;1;2;5;0;-0.6133;0.0348;0.2907;-0.4372;-1.8434;1.1793;0.0099;0.0322;-0.2023;0.5029;1;250;250;450;615;550.515;581.101;23;5.0261;-0.2376;0.592;0.4651;0.6015
82600364;1;2;6;0;0.5949;2.7249;0.8233;0.6391;-0.0396;0.7604;0.5437;0.5773;1.314;1.0346;1;315;315;315;368.179;385.711;447.254;23;5.0261;-0.2376;0.592;0.4651;0.6015
82600364;1;2;6;0;-1.8939;2.7249;0.8615;-0.6173;1.1114;-1.9645;-0.3329;0.6094;0.7628;0.2127;1;300;300;450;537.569;639.642;624.194;23;5.0261;-0.2376;0.592;0.4651;0.6015
82600364;1;0;6;0;0.8207;-0.4509;1.1928;-0.0965;-0.0396;1.1793;-0.2341;0.8167;0.298;1.0346;0;250;250;450;495.148;477.81;505.692;23;5.0261;-0.2376;0.592;0.4651;0.6015
82600364;1;0;6;0;-0.2006;-0.6693;0.2907;-0.5152;-1.8434;1.1793;-0.1181;0.3487;0.2148;-1.1847;0;500;500;900;599.568;675.699;649.643;23;5.0261;-0.2376;0.592;0.4651;0.6015
82600364;1;2;4;0;-0.687;2.7249;-0.7823;-0.2955;-0.53;1.1793;-0.4701;-0.5884;0.0297;1.0346;0;275;275;385;493;557.586;512.685;23;5.0261;-0.2376;0.592;0.4651;0.6015
82600364;1;0;5;0;-0.4342;0.6818;-0.7823;0.9677;1.8498;-0.1357;0.3397;0.5028;-0.5973;0.2127;0;200;300;400;551.45;566.752;551.114;23;5.0261;-0.2376;0.592;0.4651;0.6015
82600364;1;2;6;0;-1.2319;0.9782;0.2907;-0.4371;0.4317;-0.1357;-1.0003;0.4753;-0.3971;-1.3939;0;200;300;400;450.957;471.124;559.681;23;5.0261;-0.2376;0.592;0.4651;0.6015
82600365;1;0;4;1;0.4637;-0.3184;-0.7823;0.5717;1.8498;-0.5492;0.1276;-0.5945;0.7628;1.0346;2;240;240;180;440.662;421.691;484.833;28;15.3832;0.5886;0.4487;-0.1348;0.2266
82600368;0;0;6;0;1.8905;0.6344;-0.7823;1.084;0.0019;1.1793;1.1158;1.5001;-0.7857;-2.4468;0;180;210;360;592.484;585.331;624.296;18;9.6807;-1.4212;-1.4551;-1.4545;-0.3913
82600368;0;2;6;0;-0.6133;-1.5852;0.1462;0.6143;-0.1728;0.0477;0.9422;1.1174;0.7015;-2.4468;2;180;210;360;581.665;603.397;601.28;18;9.6807;-1.4212;-1.4551;-1.4545;-0.3913
82600368;0;0;6;0;1.4083;0.6818;-0.7823;1.4821;1.1114;1.1793;0.7327;1.6685;0.4394;-2.4468;0;180;210;360;630.241;667.834;660.972;18;9.6807;-1.4212;-1.4551;-1.4545;-0.3913
82600368;0;0;6;0;0.1097;-0.3184;-0.7823;1.0525;0.7725;1.1793;0.7072;1.316;0.7015;0.2169;1;240;240;480;592.164;614.821;622.816;18;9.6807;-1.4212;-1.4551;-1.4545;-0.3913
82600375;1;0;6;0;0.8794;-1.1206;1.1928;0.5578;0.2817;1.1793;0.3777;0.9507;1.314;1.0346;0;240;240;300;561.544;585.305;656.547;18;13.9391;-0.2376;-0.2968;0.8153;0.6015
82600375;1;2;6;0;-1.4869;-0.7428;-0.7823;-0.1524;-0.1988;0.0477;0.0141;-0.1267;1.314;0.5029;0;360;240;300;570.299;538.515;598.004;18;13.9391;-0.2376;-0.2968;0.8153;0.6015
82600375;1;2;6;0;-1.8939;0.4581;-0.7823;-0.2307;-0.0992;-0.4396;-0.118;-0.1031;0.1924;-0.6576;0;300;240;300;323.972;335.51;284.582;18;13.9391;-0.2376;-0.2968;0.8153;0.6015
82600375;0;2;4;0;1.8905;-0.3184;-0.7823;-1.3531;0.2741;-1.956;-1.1977;-1.3952;1.314;1.0346;1;360;240;300;482.067;453.426;423.597;18;13.9391;-0.2376;-0.2968;0.8153;0.6015
82600376;0;2;4;0;0.8207;-3.2367;1.4721;-0.5393;-1.8434;-0.4396;-0.0411;-0.922;1.314;1.0346;1;300;300;250;341.256;388.111;398.358;28;16.4561;0.0969;-1.4551;0.7879;-0.5205
82600379;1;0;2;0;0.4637;-0.2274;0.1462;0.0596;-0.1662;1.1793;0.1613;-0.2071;-0.5973;0.2127;0;240;180;180;517.799;551.633;474.167;23;18.3611;0.8339;0.2701;1.2343;0.9255
82600379;1;0;6;0;1.8905;-0.3666;1.7669;0.2535;0.3125;0.031;-0.0357;0.8979;0.7015;-2.4468;2;180;180;180;519.159;545.058;580.266;23;18.3611;0.8339;0.2701;1.2343;0.9255
82600379;1;2;6;0;-1.8939;0.0348;-0.7823;-0.4529;-0.226;1.1793;-0.5211;0.5498;-1.3684;-0.6576;0;480;480;480;734.042;660.805;724.591;23;18.3611;0.8339;0.2701;1.2343;0.9255
82600379;1;2;5;0;-1.4242;0.6344;0.1462;-0.1134;-0.0396;-0.5492;0.1897;0.3036;0.1597;1.0346;0;240;240;240;504.712;398.989;385.448;23;18.3611;0.8339;0.2701;1.2343;0.9255
82600379;1;0;3;0;-0.687;0.3241;-0.7823;-0.2499;-0.7397;1.1793;-0.0598;-0.8176;-1.1481;1.0346;0;240;180;180;515.585;550.53;397.252;23;18.3611;0.8339;0.2701;1.2343;0.9255
82600380;1;0;6;0;0.8794;-1.4932;2.07;-0.0959;-0.8559;-0.9726;0.5513;0.0776;0.1924;-0.6576;1;120;120;360;565.153;553.445;609.947;28;16.1165;0.4292;-1.4551;-0.335;0.2266
82600387;1;0;6;0;-1.0109;-0.5676;-0.7823;0.2576;-0.0992;-0.6853;0.5282;0.7693;0.2727;0.2169;1;240;180;420;542.425;513.356;579.121;23;10.3918;-1.4212;-1.4551;-3.3785;-2.0409
82600387;1;2;6;0;0.4637;-0.8815;-0.7823;0.8994;-0.1316;-0.1357;1.101;0.4053;-0.0439;-1.1847;0;0;0;0;438.526;527.13;573.635;23;10.3918;-1.4212;-1.4551;-3.3785;-2.0409
82600391;0;2;4;1;-1.2792;-0.4509;0.6725;-2.2677;0.8763;-1.3001;-2.8944;-1.742;-0.2441;-0.6576;2;180;180;120;309.657;349.842;394.781;28;16.5143;-0.3123;1.2511;0.4651;0.2266
82600391;1;2;3;0;1.4083;-0.3184;-0.7823;-1.1089;-1.3625;0.0477;-1.2872;-1.1811;0.4394;1.0346;0;300;300;300;583.861;469.851;506.33;28;16.5143;-0.3123;1.2511;0.4651;0.2266
82600391;1;2;3;0;-0.2006;0.0834;-0.7823;-0.4881;-0.1662;1.1793;-0.6648;-0.541;0.2048;0.2169;1;250;250;250;510.12;501.963;466.498;28;16.5143;-0.3123;1.2511;0.4651;0.2266
82600391;0;2;6;0;0.8794;-0.3184;0.1462;0.0644;-0.7847;1.1793;0.4475;-0.0788;-0.0554;-1.0657;0;240;300;180;469.298;520.809;599.094;28;16.5143;-0.3123;1.2511;0.4651;0.2266
82600391;1;2;6;0;1.4083;0.5301;-0.7823;-0.0243;-0.9827;1.1793;0.2259;-0.1513;1.314;0.2127;1;240;300;300;592.597;488.715;513.339;28;16.5143;-0.3123;1.2511;0.4651;0.2266
82600391;0;0;3;0;0.4637;-0.3184;-0.7823;0.6296;0.7725;1.1793;0.0079;-0.6996;0.6259;1.0346;0;200;250;200;337.925;329.298;306.318;28;16.5143;-0.3123;1.2511;0.4651;0.2266
82600391;0;0;5;0;-0.0845;0.3018;-0.7823;-0.804;-0.1662;1.1793;-0.9957;-0.735;0.039;-0.9167;0;600;480;480;575.97;562.096;487.22;28;16.5143;-0.3123;1.2511;0.4651;0.2266
82600391;1;0;2;0;-0.9295;0.6987;0.2308;0.1498;0.1338;0.031;0.2094;-1.121;1.314;0.6364;1;360;360;300;470.865;515.186;448.655;28;16.5143;-0.3123;1.2511;0.4651;0.2266
82600391;0;0;5;0;-0.3799;0.0348;0.7703;-1.1476;-1.8434;1.1793;-0.9304;-0.7967;-0.8566;-0.6576;0;260;260;325;472.89;477.663;453.922;28;16.5143;-0.3123;1.2511;0.4651;0.2266
82600391;1;0;5;0;-0.4342;-0.3184;0.2907;-1.1898;-0.1662;1.1793;-1.8272;-0.85;1.314;-0.6576;1;300;300;300;561.331;508.422;495.692;28;16.5143;-0.3123;1.2511;0.4651;0.2266
82600391;1;0;6;0;1.4083;2.7249;-0.7823;-0.1377;-0.6699;1.1793;0.1404;0.2139;1.314;1.0346;0;300;300;300;450.952;439.505;458.318;28;16.5143;-0.3123;1.2511;0.4651;0.2266
82600391;0;0;5;0;0.4637;-0.3184;-0.7823;-0.2769;0.1408;0.031;-0.0731;-0.3137;0.3485;0.6402;0;300;300;240;567.773;538.056;541.408;28;16.5143;-0.3123;1.2511;0.4651;0.2266
82600404;0;2;5;0;0.4637;-0.3184;-0.7823;1.511;1.1114;0.6763;1.1875;-0.7073;1.314;-2.4468;1;150;200;150;635.404;520.521;563.194;13;7.9871;-1.4212;-1.4551;-3.3785;-2.0409
82600404;0;2;6;1;-1.059;-0.5582;0.7703;-0.3388;0.0896;1.1793;-0.9246;0.5855;0.7628;1.0346;1;150;200;450;613.029;543.835;474.624;13;7.9871;-1.4212;-1.4551;-3.3785;-2.0409
82600404;0;2;6;1;0.8207;-0.5878;-0.7823;1.3021;1.1114;1.1793;0.8882;1.0435;1.314;1.0346;1;165;220;330;495.022;454.574;491.273;13;7.9871;-1.4212;-1.4551;-3.3785;-2.0409
82600404;0;2;6;0;0.8794;-0.7976;0.2907;0.6992;-0.2588;0.0477;1.037;0.9874;0.7628;0.2127;1;150;200;300;471.891;504.711;437.242;13;7.9871;-1.4212;-1.4551;-3.3785;-2.0409
82600404;0;2;6;0;1.0671;-0.3824;0.7703;2.4089;1.1114;1.1793;1.9616;1.6115;-0.7366;1.0346;2;135;180;315;585.106;527.672;495.737;13;7.9871;-1.4212;-1.4551;-3.3785;-2.0409
82600404;0;0;6;0;1.8905;-0.8997;-0.7823;0.3185;-1.3625;1.1793;0.7004;1.0544;-0.2023;-2.4468;2;150;150;150;579.745;649.291;643.983;13;7.9871;-1.4212;-1.4551;-3.3785;-2.0409
82600404;0;2;6;0;-0.2006;0.0348;-0.7823;2.8705;1.8498;1.1793;1.9396;2.2561;1.314;1.0346;1;220;220;110;644.963;600.325;570.262;13;7.9871;-1.4212;-1.4551;-3.3785;-2.0409
82600404;0;2;6;0;1.3423;0.8801;-0.7823;5.1169;1.8498;1.1793;4.0894;3.1994;-0.9734;-0.6576;1;165;220;440;691.774;525.601;495.86;13;7.9871;-1.4212;-1.4551;-3.3785;-2.0409
82600404;0;2;6;0;0.4637;-1.1206;0.2907;1.6639;1.8498;1.1793;1.0626;1.5748;-0.2023;-0.6576;0;150;200;150;584.731;520.623;573.894;13;7.9871;-1.4212;-1.4551;-3.3785;-2.0409
82600404;0;2;6;0;0.4637;-0.7362;0.1462;1.0081;0.363;-0.1357;0.8333;1.2384;-0.5575;1.0346;2;165;220;110;541.922;579.475;431.317;13;7.9871;-1.4212;-1.4551;-3.3785;-2.0409
82600404;0;2;6;0;1.1422;-0.3184;0.1462;1.6128;0.678;0.0477;1.3012;1.5364;0.2148;0.6402;0;150;150;100;665.145;554.726;614.914;13;7.9871;-1.4212;-1.4551;-3.3785;-2.0409
82600404;0;2;6;0;0.1097;0.4846;-0.7823;1.3864;-0.2588;0.0477;2.4203;1.2782;0.7628;1.0346;1;135;180;135;408.31;446.136;518.922;13;7.9871;-1.4212;-1.4551;-3.3785;-2.0409
82600418;0;0;6;0;0.8207;-0.5878;0.1462;-1.5161;-0.5792;-0.9726;-1.4952;0.2555;1.314;-1.3914;2;250;300;300;442.852;418.62;491.27;18;11.9528;-1.4212;-1.4551;0.1064;1.1913
82600418;0;0;6;0;0.4637;-0.3184;-0.7823;0.257;-0.3833;0.0477;0.5313;0.769;1.314;1.0346;2;225;225;180;529.629;687.943;615.959;18;11.9528;-1.4212;-1.4551;0.1064;1.1913
82600418;0;0;6;0;1.8905;-1.2408;0.1462;1.8764;1.8498;0.0477;1.1652;1.8354;0.4394;-1.6735;0;125;125;250;687.776;702.316;691.639;18;11.9528;-1.4212;-1.4551;0.1064;1.1913
82600418;1;0;6;0;0.4637;1.4326;-0.7823;0.8961;0.7725;1.1793;0.6931;1.4206;1.314;1.0346;2;150;150;150;566.903;600.248;541.797;18;11.9528;-1.4212;-1.4551;0.1064;1.1913
82600420;0;2;4;0;1.4083;-0.3184;0.2907;-0.8763;-0.5174;0.0477;-0.8225;-0.3101;-0.2023;0.5029;1;300;300;480;480.379;487.424;564.154;28;14.7105;-0.2376;0.43;-0.6199;-1.2943
82600420;0;0;3;0;0.4637;0.0544;-0.7823;-0.7508;-0.3009;-0.1357;-0.8059;-0.6522;1.314;0.2169;0;300;300;240;497.109;523.978;573.974;28;14.7105;-0.2376;0.43;-0.6199;-1.2943
82600420;1;0;2;0;-0.9823;0.1935;-0.7823;-0.4192;-0.3277;1.1793;-0.2288;-1.5881;1.314;0.6402;0;300;300;300;477.469;484.02;462.869;28;14.7105;-0.2376;0.43;-0.6199;-1.2943
82600420;0;0;6;0;1.8905;0.1997;-0.7823;0.0739;-0.9827;1.1793;0.3028;-0.2935;0.7628;1.0346;0;300;300;240;488.074;517.463;497.92;28;14.7105;-0.2376;0.43;-0.6199;-1.2943
82600420;0;0;5;0;0.8207;-0.8632;0.1462;-0.5062;-0.3833;1.1793;-0.9647;0.2599;-0.4377;1.0346;0;300;300;300;588.799;442.048;434.876;28;14.7105;-0.2376;0.43;-0.6199;-1.2943
82600420;0;0;4;0;0.1097;-0.0358;-0.7823;-0.1241;0.1408;-0.3792;-0.022;-0.7644;1.314;-0.6576;2;300;300;420;568.186;497.27;530.5;28;14.7105;-0.2376;0.43;-0.6199;-1.2943
82600420;0;2;5;1;-0.9823;-1.0013;1.1928;-0.4149;-0.9827;-0.4396;0.1457;-0.7441;-0.5973;-0.6576;0;300;300;240;473.426;396.618;374.791;28;14.7105;-0.2376;0.43;-0.6199;-1.2943
82600420;1;0;2;0;0.4637;0.0348;0.2907;-0.835;-1.8434;-0.5668;-0.0243;-1.1687;-0.2023;-0.6576;0;300;300;240;432.409;412.105;347.495;28;14.7105;-0.2376;0.43;-0.6199;-1.2943
82600420;1;2;2;0;0.0208;-1.2565;0.6725;-1.3882;-1.8434;-1.195;-0.631;-1.8809;-1.6385;-1.0691;0;300;300;360;536.934;418.565;524.437;28;14.7105;-0.2376;0.43;-0.6199;-1.2943
82600420;0;0;3;0;0.8207;0.5082;-0.7823;0.0656;0.4764;-0.6853;0.1218;-0.4267;1.314;1.0346;0;300;300;240;389.002;452.786;371.867;28;14.7105;-0.2376;0.43;-0.6199;-1.2943
82600420;0;0;3;0;1.8905;-0.7256;0.1462;0.4915;0.0782;1.1793;0.5478;-0.1264;-0.5575;1.0346;0;300;300;240;473.982;504.486;385.333;28;14.7105;-0.2376;0.43;-0.6199;-1.2943
82600420;0;0;1;0;0.4637;-0.1903;0.7703;-0.0198;-0.1662;0.2646;-0.0696;-1.3047;1.314;-0.6576;0;300;300;240;477.068;534.618;498.286;28;14.7105;-0.2376;0.43;-0.6199;-1.2943
82600420;1;2;6;0;-0.3799;0.6246;-0.7823;-0.1794;-0.0396;1.1793;-0.251;0.1967;-0.9422;0.2127;0;300;300;180;401.089;323.488;274.941;28;14.7105;-0.2376;0.43;-0.6199;-1.2943
82600420;1;2;3;0;0.5949;-0.6843;0.7703;-1.8525;-1.8434;-1.9031;-0.8238;-1.6204;-1.555;-0.6576;2;300;300;240;389.69;346.021;447.523;28;14.7105;-0.2376;0.43;-0.6199;-1.2943
82600420;1;0;4;0;0.4637;-0.6765;1.1625;-0.8376;-0.1662;-1.3001;-0.2057;-1.3205;-0.2023;-2.4468;1;300;300;240;440.758;397.48;444.369;28;14.7105;-0.2376;0.43;-0.6199;-1.2943
82600424;1;0;6;0;-0.687;0.6818;0.2907;0.3075;0.7725;1.1793;-0.1968;1.0516;-0.2023;1.0346;0;140;245;420;647.511;622.096;616.304;23;17.1789;-0.2376;-1.4551;-0.335;-0.1791
82600424;1;0;6;0;-0.13;0.705;1.2618;0.0842;-0.5792;0.0477;0.4492;0.6959;0.039;-0.6576;0;175;245;560;621.05;587.551;612.849;23;17.1789;-0.2376;-1.4551;-0.335;-0.1791
82600426;0;2;6;0;0.4637;0.3622;-0.7823;-0.2304;0.7725;-0.6944;-0.4171;-0.2727;1.314;-2.4468;2;75;90;75;410.826;348.064;521.226;33;11.5789;2.1861;0.1757;-0.0384;0.2266
82600432;0;0;6;0;0.4637;-0.9331;0.7703;0.9463;1.8498;-0.2116;0.5471;1.0642;0.7015;-0.6576;2;240;240;240;433.502;464.412;426.747;28;17.4667;1.2478;1.0744;0.8556;0.2266
82600437;1;2;4;0;-0.687;-0.0845;-0.7823;0.9134;1.1114;1.1793;0.6177;-0.3962;1.314;-0.6576;2;280;210;280;437.489;473.54;437.895;28;17.6327;0.1;0.43;-0.0384;0.2266
82600437;0;0;6;0;0.1097;-1.0849;-0.7823;0.1693;0.1338;-1.5216;0.7592;0.1339;-1.1481;0.6402;2;210;280;420;526.529;551.213;634.838;28;17.6327;0.1;0.43;-0.0384;0.2266
82600438;0;0;6;1;1.8905;0.3299;0.2907;-0.9966;-0.3833;-0.4396;-1.0399;-0.0141;0.1924;1.0346;0;200;200;250;455.777;498.638;537.385;28;18.9231;-0.9432;0.0131;0.1795;0.2266
82600438;0;2;3;0;0.8794;-0.246;-0.7823;-1.2536;-0.1662;-0.6853;-1.7824;-0.985;0.6259;1.0346;0;480;540;480;569.619;555.335;629.241;28;18.9231;-0.9432;0.0131;0.1795;0.2266
82600440;0;0;5;0;-1.8939;-0.4737;1.5346;-0.4699;-0.7397;0.031;-0.1297;0.2209;1.314;-1.06;0;240;240;300;304.511;301.186;293.211;23;14.3167;-1.4212;-1.4551;-0.335;0.2266
82600440;0;0;6;0;0.052;-1.2219;-0.7823;-0.0171;0.5478;-0.9726;0.0699;0.6531;-0.9514;-2.4468;1;300;300;300;335.826;334.296;389.082;23;14.3167;-1.4212;-1.4551;-0.335;0.2266
82600440;0;2;5;0;0.5949;0.0928;0.1462;-0.3101;-0.2522;-0.4511;-0.3783;0.3198;-0.7074;0.2169;0;220;220;440;474.272;582.392;594.549;23;14.3167;-1.4212;-1.4551;-0.335;0.2266
82600440;0;0;3;0;-0.1748;0.5251;-0.7823;-0.8282;-0.3277;0.2646;-1.1235;-0.1944;-0.7562;1.0346;0;240;240;480;571.487;539.012;574.008;23;14.3167;-1.4212;-1.4551;-0.335;0.2266
82600440;0;2;3;0;0.4637;-0.445;-0.7823;0.547;0.2741;1.1793;0.2815;-0.4804;0.7015;-0.6576;1;220;220;440;543.662;564.417;618.479;23;14.3167;-1.4212;-1.4551;-0.335;0.2266
82600440;0;0;2;0;0.4637;0.3299;0.7703;-1.2222;-0.7397;-1.1194;-0.6942;-1.7017;1.314;-1.5824;0;260;260;325;446.607;469.352;501.716;23;14.3167;-1.4212;-1.4551;-0.335;0.2266
82600440;0;2;6;0;0.052;-0.3184;-0.7823;0.0239;-0.0506;1.1793;-0.4434;0.9888;-0.6262;-0.6576;2;240;240;300;567.568;572.157;485.64;23;14.3167;-1.4212;-1.4551;-0.335;0.2266
82600440;0;2;6;0;1.8905;-0.4509;0.2907;-0.6745;0.5478;1.1793;-1.7297;-0.5218;1.314;1.0346;2;220;220;440;649.645;610.203;533.613;23;14.3167;-1.4212;-1.4551;-0.335;0.2266
82600440;0;0;4;0;0.052;0.1935;-0.7823;-0.2723;0.1408;-0.3792;-0.1468;-0.0491;0.7628;-0.6576;0;220;220;275;446.18;424.426;476.245;23;14.3167;-1.4212;-1.4551;-0.335;0.2266
82600440;0;0;5;0;1.1911;0.2243;-0.7823;-0.903;-1.3625;0.0477;-0.9639;-0.6932;0.7628;-1.1847;0;220;220;275;520.066;527.029;503.209;23;14.3167;-1.4212;-1.4551;-0.335;0.2266
82600440;0;0;3;0;1.4083;-1.1832;-0.7823;-1.423;-1.0715;-1.1194;-1.184;-1.3141;1.314;1.0346;0;220;220;275;590.751;597.103;554.141;23;14.3167;-1.4212;-1.4551;-0.335;0.2266
82600440;0;2;2;0;0.5949;-0.9828;0.7703;-0.9;0.5478;-0.8532;-1.3913;-1.7526;0.6259;-0.6576;1;240;240;300;456.724;474.793;584.179;23;14.3167;-1.4212;-1.4551;-0.335;0.2266
82600440;0;2;6;0;-0.4342;0.9683;0.2907;-0.1774;-0.7847;0.2646;-0.1203;0.6164;-0.9422;1.0346;1;275;275;275;490.788;341.048;357.407;23;14.3167;-1.4212;-1.4551;-0.335;0.2266
82600440;0;2;4;0;-0.3799;-0.0358;-0.7823;-0.5481;0.1338;-0.6853;-0.6669;-1.2511;1.314;1.0346;1;220;220;440;470.768;576.013;648.417;23;14.3167;-1.4212;-1.4551;-0.335;0.2266
82600440;0;0;6;0;0.8794;-0.3184;-0.7823;0.5302;0.5478;1.1793;0.2762;0.8412;-0.2023;1.0346;0;240;240;480;626.199;704.883;676.23;23;14.3167;-1.4212;-1.4551;-0.335;0.2266
82600441;1;0;6;0;-0.9295;0.4458;-0.7823;0.6315;-0.6699;1.1793;1.2112;1.1643;-1.1846;1.0346;1;240;60;540;484.618;361.785;448.103;28;18.0927;1.2478;-1.4551;-0.6983;-0.8267
