"school_id";"gender";"language";"hisced";"grade_rep";"fear_failure";"belonging";"bullied";"home_poss";"cult_poss";"edu_resources";"family_wealth";"ESCS_status";"teacher_support";"emo_sup";"school_changes";"learn_time_math";"learn_time_read";"learn_time_scie";"math";"read";"scie";"class_size";"stud_teach_ratio";"short_edu_mat";"short_edu_staff";"stu_behav";"teach_behav";"teach_multicult"
27600002;1;0;2;0;-0.9295;0.3173;-0.7823;-0.9144;-0.3112;-0.1357;-0.9388;-0.9171;-0.9734;0.2127;0;180;135;90;544.671;513.012;476.601;18;16.4158;0.6221;0.1964;-0.1522;0.5642;-1.0542
27600003;1;2;6;1;-1.8939;0.9264;0.7294;0.8347;1.0047;1.1793;0.5472;0.2472;-2.0248;-1.1847;0;180;180;90;374.937;430.136;482.453;28;15.3517;0.8006;0.2833;0.8153;-0.5173;0.9042
27600005;0;2;2;0;-1.4869;1.4685;-0.7823;-1.0883;-0.8483;-1.0118;-0.6797;-1.887;-0.0037;0.6364;0;180;180;225;443.246;456.909;368.241;28;18.4444;-1.4212;-1.4551;-0.0384;0.6015;0.9042
27600005;1;0;6;0;1.1422;2.7249;-0.7823;0.9486;1.2928;1.1793;0.6553;1.2132;0.3995;1.0346;0;180;180;180;473.825;491.477;472.861;28;18.4444;-1.4212;-1.4551;-0.0384;0.6015;0.9042
27600006;1;0;6;0;-1.059;1.4326;-0.7823;-0.6467;-0.5844;0.2646;-0.667;-0.0886;-0.5575;1.0346;1;360;360;360;608.043;655.575;618.987;23;17.0714;1.2478;-0.614;-0.1692;1.1913;-1.0542
27600007;0;3;6;0;0.4637;-0.1858;0.2907;1.9384;0.9187;1.1793;1.226;1.6862;-0.7074;0.2127;0;200;250;250;592.497;581.85;587.087;23;12.3288;0.8339;0.592;-0.335;-0.5582;0.9042
27600007;1;3;6;0;-1.2792;1.4326;-0.7823;0.5006;0.5018;1.1793;0.3552;1.0025;1.314;1.0346;0;250;250;200;572.809;545.821;507.511;23;12.3288;0.8339;0.592;-0.335;-0.5582;0.9042
27600007;1;2;6;0;-1.8939;0.3241;-0.7823;0.2629;0.545;-0.6853;0.139;1.0044;-1.464;0.5029;0;180;180;360;597.568;606.938;577.428;23;12.3288;0.8339;0.592;-0.335;-0.5582;0.9042
27600007;1;2;4;0;-1.059;1.4903;-0.7823;0.5517;0.387;-0.1357;0.4751;0.3828;0.039;-1.0657;0;180;180;360;650.771;629.467;625.146;23;12.3288;0.8339;0.592;-0.335;-0.5582;0.9042
27600007;0;0;6;0;1.8905;-0.3184;-0.7823;0.947;1.0047;-0.1357;0.4969;1.1746;-0.7074;1.0346;0;180;180;180;649.16;772.853;716.096;23;12.3288;0.8339;0.592;-0.335;-0.5582;0.9042
27600007;1;0;6;0;-0.687;0.9517;-0.7823;0.3;-0.1094;1.1793;0.2008;0.9928;1.314;0.3622;1;180;180;180;648.99;657.45;609.215;23;12.3288;0.8339;0.592;-0.335;-0.5582;0.9042
27600007;0;3;0;0;-0.6133;-0.5635;-0.7823;-0.131;0.533;-0.1357;-0.9138;-1.7356;-1.1864;1.0346;0;180;225;225;552.562;520.189;596.001;23;12.3288;0.8339;0.592;-0.335;-0.5582;0.9042
27600008;0;0;0;1;-0.2006;0.6818;-0.7823;-0.7871;-0.1314;0.0477;-0.9036;-2.4466;0.7628;-0.6576;1;225;180;180;313.638;430.755;368.19;23;11.1717;2.1861;0.4487;-0.5654;-0.4321;-0.1764
27600008;1;2;0;1;-0.687;0.0348;-0.7823;-2.8738;-1.8575;-2.0089;-2.4884;-4.1061;-1.2638;-0.6576;2;180;180;135;361.963;300.817;310.031;23;11.1717;2.1861;0.4487;-0.5654;-0.4321;-0.1764
27600010;1;0;0;1;-0.2006;0.9303;-0.7823;-0.9922;-0.1314;-0.9779;-0.7487;-2.6274;-0.5575;1.0346;0;315;315;180;258.407;395.591;314.014;28;15.8621;0.5916;1.2805;0.9106;1.4277;-1.0542
27600010;1;0;4;1;-1.4869;2.7249;-0.7823;1.4171;0.295;1.1793;2.7562;0.4754;1.314;1.0346;1;180;270;135;287.249;355.711;385.204;28;15.8621;0.5916;1.2805;0.9106;1.4277;-1.0542
27600011;0;2;6;0;-1.059;0.6818;-0.7823;0.0032;0.3329;-0.6853;-0.2978;0.9108;-0.0037;1.0346;0;135;135;270;615.769;578.031;625.566;28;14.672;0.1;0.0055;-0.3925;-0.1662;0.9042
27600014;0;3;2;0;-1.4242;0.3084;-0.7823;-2.487;-0.8483;-1.3023;-2.5719;-2.2312;0.2148;1.0346;1;180;180;90;431.923;497.873;479.083;23;11.9765;0.7566;0.6798;1.0522;-0.5582;0.9042
27600015;0;0;3;0;-0.9295;0.6818;-0.7823;-0.9331;-1.8575;-0.1667;-0.5038;-1.1413;0.039;-0.6576;0;360;360;180;439.577;550.315;544.234;23;18.0098;-0.0672;0.4487;-0.0384;0.2266;-1.0542
27600017;1;0;6;0;-0.13;-0.1136;1.1928;0.618;-0.2432;0.1806;1.1903;1.1274;-0.5886;-1.1869;0;135;135;405;659.121;617.086;652.358;28;15.2414;0.4698;-0.4314;-0.0468;0.7157;0.3009
27600018;1;0;3;0;-0.13;-0.9879;2.0604;0.5952;-0.0024;0.0477;1.1903;0.0289;-1.1481;-1.5824;1;0;140;0;465.13;355.451;355.221;23;25.6545;0.2681;0.8371;0.4651;1.4554;-0.4859
27600018;1;2;2;0;1.4083;2.7249;-0.7823;0.0846;-0.8483;-1.0118;2.0746;-1.2677;0.7628;0.6402;1;240;240;240;416.925;384.121;331.067;23;25.6545;0.2681;0.8371;0.4651;1.4554;-0.4859
27600021;0;2;6;0;-0.4342;-0.4415;1.4721;0.55;1.8366;-0.1357;-0.3526;0.8496;-1.5447;0.6402;0;225;180;315;556.519;675.928;670.526;33;10.274;-0.4873;0.0131;-0.0384;-0.0452;-0.4859
27600024;0;3;5;0;0.8794;-0.6464;3.8591;-0.5544;0.2095;-1.0527;-0.4144;-0.5316;0.7628;-0.67;2;180;225;90;425.651;375.362;388.095;23;13.4576;0.4698;0.21;0.1795;0.6741;0.287
27600027;0;2;4;0;0.8794;0.9303;-0.7823;-0.9001;-0.8483;-0.6853;-0.6976;-1.0665;-1.1608;-1.8598;1;360;360;540;549.079;527.493;612.722;28;16.2338;0.7889;1.2579;1.0522;-0.1274;-1.0542
27600032;1;2;2;0;-0.7592;0.3241;0.7703;-0.8226;-0.9553;-0.9191;-0.5711;-1.6246;0.2048;1.0346;0;360;360;270;380.638;427.985;357.499;28;9.8007;1.2478;0.8371;0.4781;0.2785;0.9042
27600032;0;3;6;1;-0.687;-1.567;1.4812;0.714;1.8366;-0.1357;-0.172;1.1865;0.1597;0.2127;0;200;200;150;539.889;467.39;423.1;28;9.8007;1.2478;0.8371;0.4781;0.2785;0.9042
27600032;1;2;4;0;0.8794;-0.0358;0.8615;-0.6087;-0.3112;0.1806;-0.4248;-1.0801;1.314;0.5029;0;320;320;240;371.809;472.079;354.405;28;9.8007;1.2478;0.8371;0.4781;0.2785;0.9042
27600032;1;3;0;1;0.4637;2.7249;-0.7823;-1.0174;-0.8483;-0.9779;-0.4705;-2.5853;-0.9422;1.0346;0;180;180;180;356.67;361.456;271.23;28;9.8007;1.2478;0.8371;0.4781;0.2785;0.9042
27600032;0;0;5;0;-1.2319;0.1935;0.2907;-0.6791;-0.1094;-0.1357;-1.0711;-0.743;-0.9422;0.5029;1;360;360;270;493.601;609.492;518.696;28;9.8007;1.2478;0.8371;0.4781;0.2785;0.9042
27600033;0;2;4;0;0.1097;-0.4415;-0.7823;1.0042;0.3486;1.1793;1.3463;-0.3567;1.314;0.6364;0;180;180;90;502.465;593.162;510.731;28;17.9636;1.2478;1.0744;0.4781;-0.0452;0.1571
27600033;0;2;4;0;1.8905;0.3225;0.2907;-1.587;-1.3021;-1.7257;-1.2332;-1.4671;0.3995;-1.2973;2;180;180;180;487.965;563.909;504.153;28;17.9636;1.2478;1.0744;0.4781;-0.0452;0.1571
27600033;0;2;5;0;0.8794;0.6818;-0.7823;-1.0303;-0.3112;-0.1357;-1.2221;-0.7825;0.4394;-0.6576;0;180;180;90;338.958;460.396;443.168;28;17.9636;1.2478;1.0744;0.4781;-0.0452;0.1571
27600033;1;2;6;0;-1.8939;1.4326;-0.7823;0.1319;-1.8575;1.1793;0.9831;-0.159;-0.1605;-0.6576;0;140;140;70;474.575;377.072;479.257;28;17.9636;1.2478;1.0744;0.4781;-0.0452;0.1571
27600034;0;3;6;0;-0.687;2.7249;-0.7823;0.2736;-0.0138;-0.1357;0.5308;0.0864;1.314;1.0346;1;225;180;135;487.835;491.438;478.017;18;11.1622;1.2478;0.661;1.7599;-0.1005;0.9042
27600035;0;2;2;0;-0.687;0.6818;-0.7823;-0.6488;-0.8483;0.0477;-0.3618;-1.6297;1.314;1.0346;0;135;135;45;377.368;389.417;414.309;28;16.3056;2.9595;0.3658;0.4147;0.9028;0.9042
27600036;0;2;2;0;-0.687;-0.8428;0.2907;-0.7256;-0.6961;-2.3391;0.0451;-1.4999;-1.2781;-0.6576;0;480;480;360;541.876;475.507;522.39;28;16.9355;-1.4212;0.4487;0.4147;-0.0452;0.287
27600040;0;0;4;0;1.8905;-1.0425;0.7703;0.4257;0.545;0.0477;0.2013;0.3592;-1.7418;-1.292;0;360;360;360;570.177;721.422;704.464;28;13.5333;0.1;0.8371;1.5158;1.4533;-1.5648
27600040;1;3;6;0;-0.687;0.9683;0.2907;0.169;0.0543;-0.1357;0.4719;0.9374;-0.2327;-1.1847;0;360;360;540;465.558;424.882;452.862;28;13.5333;0.1;0.8371;1.5158;1.4533;-1.5648
27600040;1;0;6;0;-0.2006;-0.0845;0.2907;0.1988;-0.0185;1.1793;-0.2907;1.0712;-1.2781;1.0346;0;540;540;360;607.819;644.326;692.816;28;13.5333;0.1;0.8371;1.5158;1.4533;-1.5648
27600041;0;3;6;0;-1.059;-0.9165;0.7703;0.5659;0.6471;-0.6122;0.4488;0.7807;0.7015;0.2169;0;135;135;270;636.895;636.404;621.592;23;12.0676;1.2478;0.436;-0.335;0.9355;-0.2798
27600041;1;3;6;1;-0.13;2.7249;-0.7823;-0.2202;-0.1628;1.1793;-0.2899;0.7999;-0.013;-0.6576;2;180;180;360;443.563;481.847;497.8;23;12.0676;1.2478;0.436;-0.335;0.9355;-0.2798
27600042;1;3;4;1;-0.7985;0.9782;0.8615;-0.337;-0.3112;-0.1357;-0.138;-0.2669;0.4394;1.0346;0;180;180;270;491.092;578.113;583.977;23;14.5833;0.8006;1.0815;0.6947;0.9355;-1.4581
27600042;0;2;6;1;-0.6133;0.4846;-0.7823;0.7122;0.6471;0.0477;0.5687;-0.0028;-0.5886;1.0346;0;180;180;90;456.703;406.397;402.451;23;14.5833;0.8006;1.0815;0.6947;0.9355;-1.4581
27600042;1;3;6;0;-0.13;0.6818;0.2907;-0.6666;-0.1314;-0.6853;-0.5453;0.7592;-0.3673;0.0224;1;90;90;270;545.78;558.822;594.57;23;14.5833;0.8006;1.0815;0.6947;0.9355;-1.4581
27600042;0;0;5;0;0.4637;-0.1939;0.2907;1.0586;1.8366;1.1793;0.0671;0.1453;1.314;0.6364;0;135;135;405;574.718;579.752;604.696;23;14.5833;0.8006;1.0815;0.6947;0.9355;-1.4581
27600043;1;0;4;0;-1.8939;0.9423;-0.7823;0.0326;-0.1094;1.1793;0.0878;-0.8501;0.4394;1.0346;1;225;225;360;600.423;572.655;532.847;23;12.4839;-0.9432;-1.4551;-2.0719;0.2266;0.1571
27600043;1;0;4;1;-1.1858;-0.6693;0.2907;0.8298;0.9187;-0.1357;0.5953;0.136;-0.5284;0.6402;2;180;135;180;525.268;548.367;588.816;23;12.4839;-0.9432;-1.4551;-2.0719;0.2266;0.1571
27600043;0;0;5;0;0.052;-0.0599;-0.7823;0.5669;0.533;1.1793;0.101;0.4376;-1.3245;1.0346;0;180;180;360;446.019;422.125;472.639;23;12.4839;-0.9432;-1.4551;-2.0719;0.2266;0.1571
27600047;1;0;5;0;-0.687;0.6818;-0.7823;-1.1743;-0.1628;-1.0118;-1.2496;-0.5356;-0.5488;-0.6576;0;180;180;180;499.626;547.885;527.51;13;13.0435;-0.2376;0.1825;0.6355;0.4883;0.9042
27600050;0;0;4;0;-1.4869;0.9423;-0.7823;-0.0343;-0.1094;1.1793;-0.0435;-0.8342;-1.1408;1.0346;0;180;180;270;638.557;700.105;566.182;28;14.6353;-0.4413;0.0055;-0.0956;-0.1662;-1.4355
27600050;1;2;5;0;-1.1858;0.4893;-0.7823;-0.5743;0.1278;-0.6853;-0.843;-0.6473;1.314;1.0346;0;180;180;90;542.475;586.37;622.787;28;14.6353;-0.4413;0.0055;-0.0956;-0.1662;-1.4355
27600050;1;0;5;0;-0.7592;1.4903;-0.7823;0.854;1.8366;1.1793;-0.181;1.108;-0.1206;0.2127;0;180;180;270;694.541;656.506;720.141;28;14.6353;-0.4413;0.0055;-0.0956;-0.1662;-1.4355
27600055;1;0;6;1;-1.8939;2.7249;-0.7823;-1.2638;-1.8575;-0.6853;-0.9581;-0.3276;0.0703;0.2127;0;270;315;225;494.402;588.989;591.772;28;18.7901;1.0245;-0.3163;0.1795;0.6101;0.3009
27600055;0;0;5;0;-0.9295;2.7249;-0.7823;0.2128;0.7273;-0.1357;-0.2597;0.4474;-0.013;-0.6576;0;225;180;225;546.522;521.516;498.226;28;18.7901;1.0245;-0.3163;0.1795;0.6101;0.3009
27600055;0;2;4;1;0.5949;0.6818;0.2907;-0.6771;-1.3021;-0.6853;-0.3825;-1.1091;0.7628;0.2127;2;180;180;135;375.94;422.867;415.69;28;18.7901;1.0245;-0.3163;0.1795;0.6101;0.3009
27600055;0;2;2;1;0.0208;0.3241;-0.7823;-0.3046;-0.9553;-0.6122;0.1414;-0.8999;1.314;0.6364;1;200;200;160;535.441;474.248;466.849;28;18.7901;1.0245;-0.3163;0.1795;0.6101;0.3009
27600055;0;0;6;0;1.8905;-0.392;0.7703;1.0931;0.7055;1.1793;0.5159;0.9415;0.7628;-0.6576;0;225;180;180;534.693;488.923;467.702;28;18.7901;1.0245;-0.3163;0.1795;0.6101;0.3009
27600055;0;0;2;0;-0.9295;0.6653;0.7703;-0.8267;-0.3916;-1.3835;-0.6433;-1.2649;-0.5575;-0.9167;1;270;225;90;505.136;520.208;464.831;28;18.7901;1.0245;-0.3163;0.1795;0.6101;0.3009
27600058;1;2;3;0;-1.8939;1.4685;-0.7823;-0.0184;0.2095;1.1793;-0.4257;-0.109;0.7628;0.2127;0;225;180;180;569.333;510.859;560.263;28;17.5283;1.0245;0.43;0.4147;0.8952;0.9042
27600059;1;3;4;0;-0.9823;-1.1309;0.2907;0.9597;1.8366;-0.1357;0.292;0.3548;-0.4795;1.0346;0;135;135;405;589.892;648.247;648.526;28;14.6237;-0.2805;-0.3163;-0.1522;0.83;0.9042
27600059;0;0;4;0;0.052;-1.0906;1.1928;-0.2838;0.7962;-1.0527;-0.3181;-0.8544;-2.1007;-1.3914;0;135;135;135;564.915;572.738;531.623;28;14.6237;-0.2805;-0.3163;-0.1522;0.83;0.9042
27600059;0;3;3;1;-1.0109;0.4402;0.1462;-1.1774;-0.3112;-1.0527;-0.8887;-1.2629;-0.9828;0.2127;1;180;180;360;562.312;569.61;572.867;28;14.6237;-0.2805;-0.3163;-0.1522;0.83;0.9042
27600060;0;0;4;0;1.4083;-1.5698;0.2907;-0.3884;-0.6961;-1.0193;-0.2337;-0.8621;-0.6262;1.0346;0;450;360;540;578.413;606.97;652.501;23;14.4938;-0.9432;0.592;-0.335;-0.0452;0.287
27600060;0;0;5;0;-1.2319;2.7249;0.2907;0.5646;1.8366;-0.1357;-0.1829;0.693;0.039;1.0346;0;360;270;450;624.882;719.798;677.481;23;14.4938;-0.9432;0.592;-0.335;-0.0452;0.287
27600060;1;0;4;0;-0.9823;1.4685;-0.7823;-0.1702;-1.3021;-0.5668;0.1166;-1.0249;0.039;1.0346;0;180;180;495;555.495;576.498;616.862;23;14.4938;-0.9432;0.592;-0.335;-0.0452;0.287
27600062;1;3;0;1;1.8905;2.7249;-0.7823;0.0584;0.1388;-0.6853;0.1307;-2.2781;-2.7106;-2.4468;1;180;180;180;452.266;343.036;334.546;28;14.224;0.0919;0.6676;0.4147;0.3498;0.3009
27600062;1;0;2;0;0.5949;0.4766;-0.7823;-0.2788;-0.4144;-0.6853;-0.087;-0.9776;0.7015;1.0346;0;180;135;90;489.124;506.849;469.808;28;14.224;0.0919;0.6676;0.4147;0.3498;0.3009
27600064;1;2;2;0;0.4637;-1.0499;0.2907;0.0711;1.2928;-0.1357;-0.6433;-1.1974;0.7015;0.2169;0;180;180;45;556.455;522.012;569.604;23;14.7333;0.8373;0.592;0.4147;0.9028;-0.6385
27600065;0;2;6;0;1.3423;1.4326;-0.7823;0.0709;0.545;-0.1357;-0.4364;0.7795;-0.9422;-1.2973;2;180;180;270;537.313;512.045;545.041;23;11.623;0.0655;0.9088;-0.4515;-0.0875;0.9042
27600065;0;3;4;0;-1.8939;2.7249;-0.7823;-0.4496;0.2581;0.0477;-0.6836;-0.376;1.314;1.0346;1;180;180;90;377.634;403.81;407.996;23;11.623;0.0655;0.9088;-0.4515;-0.0875;0.9042
27600065;0;0;6;0;0.4637;0.6818;0.2907;0.2988;1.0047;1.1793;-0.3147;0.818;-0.3971;0.2127;0;360;360;540;482.425;501.49;458.967;23;11.623;0.0655;0.9088;-0.4515;-0.0875;0.9042
27600065;0;0;0;0;-0.13;0.0672;0.2907;-0.9301;-0.1628;-0.1357;-1.1768;-2.2099;-0.7366;-0.6576;0;180;180;180;475.647;519.808;385.102;23;11.623;0.0655;0.9088;-0.4515;-0.0875;0.9042
27600065;0;0;6;0;0.1097;0.0348;0.2907;-0.8061;-0.3112;-0.1357;-0.8814;-0.3452;0.7628;0.2127;0;180;180;270;453.982;505.32;457.248;23;11.623;0.0655;0.9088;-0.4515;-0.0875;0.9042
27600065;0;3;6;0;-0.3799;0.3576;-0.7823;-0.113;-0.6111;-0.8532;0.2054;-0.3726;-0.8065;0.2169;0;180;180;180;510.445;464.593;390.18;23;11.623;0.0655;0.9088;-0.4515;-0.0875;0.9042
27600065;1;2;6;0;1.8905;2.7249;-0.7823;0.8126;-0.1506;1.1793;1.3422;0.5208;0.6259;1.0346;0;180;180;270;485.604;438.31;428.883;23;11.623;0.0655;0.9088;-0.4515;-0.0875;0.9042
27600065;0;3;5;1;0.4637;0.1988;0.1462;-0.2067;-0.1506;-0.4903;0.0983;-0.4513;-2.7106;-1.1869;2;180;180;180;385.67;345.547;375.006;23;11.623;0.0655;0.9088;-0.4515;-0.0875;0.9042
27600068;1;2;6;0;-0.9295;0.6987;-0.7823;0.9826;0.0364;1.1793;0.7513;0.3098;-1.4252;0.3586;0;320;320;320;581.531;573.229;576.733;23;12.6078;0.8006;1.2657;1.2343;-0.1791;0.9042
27600068;0;0;5;0;-0.687;0.4846;-0.7823;0.0684;-0.1506;1.1793;0.314;-0.3936;1.314;1.0346;0;320;160;80;448.664;365.522;390.373;23;12.6078;0.8006;1.2657;1.2343;-0.1791;0.9042
27600068;0;0;6;0;-0.0288;0.9683;0.2907;0.3204;0.7273;-0.6853;0.139;0.628;0.7628;0.5029;1;640;480;160;447.779;533.608;477.596;23;12.6078;0.8006;1.2657;1.2343;-0.1791;0.9042
27600069;0;2;4;0;-1.8939;0.9782;-0.7823;-1.0574;0.7962;-0.5492;-1.6945;-1.1487;1.314;1.0346;1;160;160;160;290.448;296.474;219.492;23;9.3333;0.7566;1.4552;1.5622;-0.4788;0.9042
27600071;1;3;2;1;-1.8939;2.7249;-0.7823;-0.4976;-0.6111;-0.9779;-0.2635;-1.5089;1.314;-1.6759;1;90;90;180;436.387;447.284;447.39;23;12.8571;-0.1098;2.1075;-0.335;0.3085;0.287
27600071;0;3;0;0;-0.687;0.6818;-0.7823;-1.4645;-1.8575;-0.9191;-1.0622;-2.8581;-1.3345;-0.6576;1;360;270;180;322.523;385.734;401.78;23;12.8571;-0.1098;2.1075;-0.335;0.3085;0.287
27600071;0;3;2;0;0.1097;1.4326;-0.7823;-0.7784;-0.3112;-0.8449;-0.9175;-1.4571;-0.0037;1.0346;0;270;315;225;408.655;454.107;483.912;23;12.8571;-0.1098;2.1075;-0.335;0.3085;0.287
27600072;0;2;0;1;-0.687;1.4326;-0.7823;-0.7835;-0.8483;-0.6853;-0.2792;-2.7404;1.314;0.2169;1;180;225;0;363.25;387.5;345.172;28;10.6;-0.6344;-0.3163;0.6764;-0.0875;0.3009
27600073;1;0;2;0;-0.4342;2.7249;-0.7823;0.1963;0.7962;1.1793;-0.254;-0.1125;0.481;1.0346;1;180;225;270;547.587;559.84;563.243;28;14.7179;1.2478;1.872;-0.0956;0.5642;-0.6263
27600073;0;3;6;1;-0.1748;-0.5878;1.4721;-0.0754;0.3153;-1.3525;-0.1137;0.6626;0.4394;-1.1847;2;180;180;270;524.983;509.841;530.951;28;14.7179;1.2478;1.872;-0.0956;0.5642;-0.6263
27600073;0;3;6;0;-0.5311;1.4903;-0.7823;-0.1556;-0.8483;1.1793;0.1357;0.708;-0.3882;-1.5824;0;180;180;90;472.058;484.601;425.238;28;14.7179;1.2478;1.872;-0.0956;0.5642;-0.6263
27600073;0;3;2;0;0.052;-0.2159;-0.7823;-1.108;-0.8261;-0.3792;-0.9877;-1.7627;-1.415;-0.6576;0;135;135;540;553.907;555.889;483.628;28;14.7179;1.2478;1.872;-0.0956;0.5642;-0.6263
27600075;0;2;0;0;0.8794;0.1388;0.7703;-0.2005;0.2581;1.1793;-0.4019;-2.3451;1.314;1.0346;0;180;180;0;413.865;414.884;387.755;28;14.5758;2.4611;2.1075;-0.3856;0.6101;0.9042
27600075;0;2;6;0;-1.1858;0.9303;-0.7823;0.2098;0.7962;-0.1357;-0.102;0.7525;0.1718;0.6364;0;180;180;135;488.746;478.602;394.618;28;14.5758;2.4611;2.1075;-0.3856;0.6101;0.9042
27600075;1;0;0;0;-1.8939;0.9423;-0.7823;-0.9337;-1.8575;-0.6853;-0.6291;-2.5853;0.4522;0.6402;1;180;180;90;378.428;410.719;428.155;28;14.5758;2.4611;2.1075;-0.3856;0.6101;0.9042
27600075;0;2;6;0;0.4637;0.3018;-0.7823;-0.0046;0.2095;-0.1357;0.2465;0.4802;-0.7453;-0.6576;0;180;135;45;412.743;379.622;384.903;28;14.5758;2.4611;2.1075;-0.3856;0.6101;0.9042
27600079;0;0;6;0;-1.8939;2.7249;-0.7823;0.6005;-0.6111;1.1793;1.778;0.9062;1.314;1.0346;0;135;180;90;473.141;447.168;396.825;28;17.6117;-1.4212;0.2633;-0.8602;0.5986;-1.0542
27600079;0;0;5;0;-1.8939;-0.1858;0.1462;0.3148;0.533;-0.6853;0.0451;1.2882;0.0079;0.6364;0;270;270;270;566.339;554.775;566.397;28;17.6117;-1.4212;0.2633;-0.8602;0.5986;-1.0542
27600079;1;0;4;0;-0.687;2.7249;-0.7823;-0.4805;-0.1628;-0.6853;0.0593;-0.9507;1.314;1.0346;0;225;135;135;544.193;465.897;502.403;28;17.6117;-1.4212;0.2633;-0.8602;0.5986;-1.0542
27600080;1;0;2;1;-0.687;-0.6659;1.7926;0.105;1.2928;-0.1357;-0.5886;-1.1343;-1.1481;-0.6576;2;180;180;360;456.013;418.208;396.503;28;10.8182;1.4783;2.1075;0.8153;0.5642;-1.0542
27600080;0;0;2;0;-1.4869;-0.0787;-0.7823;0.5163;0.7962;1.1793;0.2008;-0.4997;-1.6385;-2.4468;2;135;135;270;569.007;556.782;526.15;28;10.8182;1.4783;2.1075;0.8153;0.5642;-1.0542
27600082;0;3;2;0;-0.687;0.192;0.8233;-1.1426;-1.3021;-0.8243;-1.0605;-1.6112;-0.9734;0.6364;1;450;360;180;302.024;368.941;209.989;23;10.1143;0.8339;0.21;0.6527;0.2266;-0.456
27600082;0;2;4;0;1.8905;-0.1136;-0.7823;-1.0539;-0.3112;-1.0118;-0.7819;-0.669;1.314;1.0346;2;180;135;135;333.658;357.494;333.624;23;10.1143;0.8339;0.21;0.6527;0.2266;-0.456
27600082;1;0;0;1;0.176;1.4326;-0.7823;-2.0275;-1.8575;-1.935;-1.3496;-3.2764;0.4394;0.2127;2;405;360;135;367.885;411.313;350.61;23;10.1143;0.8339;0.21;0.6527;0.2266;-0.456
27600082;1;2;0;0;-0.1558;-0.9594;-0.7823;-1.3142;-1.8575;-1.935;-0.0618;-2.7463;-1.1077;-1.0691;0;135;180;315;223.233;286.288;296.294;23;10.1143;0.8339;0.21;0.6527;0.2266;-0.456
27600085;0;3;6;0;-1.8939;0.3281;-0.7823;0.1704;-0.6961;-1.8124;2.3688;-0.3058;-1.415;-1.1847;0;225;225;180;483.353;445.936;375.018;23;12.1667;0.4997;0.2833;0.6764;0.2266;-0.1764
27600085;0;0;5;0;-0.1748;-2.4306;0.8233;-0.021;-0.1506;-1.2622;0.3918;-0.3203;-0.2023;-1.5824;2;225;180;315;494.097;490.092;568.228;23;12.1667;0.4997;0.2833;0.6764;0.2266;-0.1764
27600087;0;2;5;0;-1.8939;-0.0509;-0.7823;0.1447;0.4924;1.1793;-0.243;0.3647;-1.7418;1.0346;2;180;180;270;487.999;428.644;399.254;23;10.704;0.1;0.8371;0.1795;0.8952;-0.4859
27600088;0;3;0;1;1.3423;-0.1945;0.7703;-0.366;-0.6111;1.1793;-0.5711;-2.4405;1.314;1.0346;1;180;180;180;505.65;625.065;601.515;23;20.4624;-0.9432;0.592;0.4147;0.2266;-0.1661
27600088;0;0;4;0;1.1422;0.9517;-0.7823;1.2948;1.2928;1.1793;0.7324;-0.1986;1.314;1.0346;2;180;180;180;553.585;566.953;568.324;23;20.4624;-0.9432;0.592;0.4147;0.2266;-0.1661
27600088;0;0;5;1;-0.4939;0.2929;0.1462;0.6676;-0.2432;1.1793;0.6227;0.4609;1.314;0.6402;1;200;200;200;503.412;497.779;549.165;23;20.4624;-0.9432;0.592;0.4147;0.2266;-0.1661
27600088;0;3;6;0;1.3423;-1.2408;2.4122;0.9331;0.2095;1.1793;1.4575;0.7507;-0.9306;1.0346;1;225;180;0;494.904;537.525;587.402;23;20.4624;-0.9432;0.592;0.4147;0.2266;-0.1661
27600088;0;3;6;1;-0.687;0.6818;-0.7823;0.4845;0.4924;1.1793;0.239;0.6975;0.2485;1.0346;2;180;180;180;498.375;476.956;510.594;23;20.4624;-0.9432;0.592;0.4147;0.2266;-0.1661
27600088;1;2;5;1;-1.4242;2.7249;-0.7823;0.6056;0.6471;-0.6122;0.6392;0.7441;1.314;1.0346;1;180;180;180;404.566;369.789;397.795;23;20.4624;-0.9432;0.592;0.4147;0.2266;-0.1661
27600088;1;0;3;0;-0.687;1.4903;0.2907;0.2206;0.6471;-0.1357;-0.2755;-0.1502;-0.7366;-1.0691;1;180;180;0;505.764;438.33;473.027;23;20.4624;-0.9432;0.592;0.4147;0.2266;-0.1661
27600088;1;2;6;0;0.4637;0.6818;0.7703;0.4491;0.295;1.1793;0.1251;0.8201;-1.1481;-0.6576;1;180;180;180;581.4;553.062;559.838;23;20.4624;-0.9432;0.592;0.4147;0.2266;-0.1661
27600093;1;0;4;0;0.052;1.4903;0.2907;0.1272;0.3486;-0.1357;-0.1835;-0.2968;0.2148;0.2127;0;180;270;180;629.027;648.264;652.321;18;12.1538;0.8006;0.3399;0.4279;-0.8302;0.9042
27600093;1;2;5;0;-0.687;0.0348;-0.7823;0.287;-0.4144;-0.1357;0.9531;-0.0242;-0.2023;0.6364;0;225;270;135;481.739;449.756;472.659;18;12.1538;0.8006;0.3399;0.4279;-0.8302;0.9042
27600099;1;0;5;0;-1.2792;-1.3593;1.5346;-0.0335;-0.9553;-0.1357;0.2549;0.438;0.7628;-1.0691;0;270;225;180;524.639;538.73;570.395;18;11.6;0.4698;0.028;-0.3856;-0.1662;-0.061
27600100;0;0;6;0;-0.7592;-0.6659;-0.7823;-0.0152;-0.0698;-0.1357;-0.2021;-0.0416;-0.5575;-1.0691;0;180;180;180;527.745;555.975;571.506;28;11.0909;-1.4212;-0.7828;-0.3261;-1.2225;0.9042
27600103;1;0;0;0;-0.0845;1.4326;-0.7823;-1.9747;-0.8483;-1.2622;-2.015;-2.8726;0.1694;-0.67;0;240;180;120;418.371;390.263;332.969;18;11.1429;1.2478;1.0744;0.4781;-0.2504;-0.061
27600103;1;2;5;1;-0.687;0.655;-0.7823;0.1365;0.7962;1.1793;-0.1332;-0.577;1.314;1.0346;0;180;180;60;294.422;319.763;350.843;18;11.1429;1.2478;1.0744;0.4781;-0.2504;-0.061
27600105;0;3;6;0;0.4637;-0.8075;0.8615;0.2096;1.8366;-0.1357;-0.7438;1.1301;-0.0037;-1.3939;1;135;180;135;537.703;561.165;514.392;23;14.5;1.2478;0.592;-0.0384;0.6101;-1.8614
27600106;1;2;6;1;1.8905;-0.1858;0.2907;0.032;0.533;-0.3792;-0.5608;0.7874;-0.9734;0.3586;2;160;160;80;560.266;636.799;618.629;23;11.3418;-0.2805;0.8371;1.2033;0.5642;-0.1868
27600106;0;2;5;0;0.4637;-0.9879;-0.7823;-0.2962;-0.1506;1.1793;-0.5444;-0.8372;-0.2023;1.0346;0;200;80;40;403.014;346.595;346.444;23;11.3418;-0.2805;0.8371;1.2033;0.5642;-0.1868
27600107;1;0;2;0;-0.9823;-0.3184;-0.7823;-0.3635;-0.5844;-0.6122;-0.1428;-1.6008;-0.5575;-1.3939;0;135;135;270;722;584.74;589.696;28;13.3023;-0.2376;-0.4314;-1.0283;-0.0452;-0.1661
27600107;0;0;3;0;-1.2319;0.6344;0.2907;0.153;0.533;-0.1357;-0.2379;-0.4808;-0.7894;1.0346;0;135;135;135;537.977;603.781;587.392;28;13.3023;-0.2376;-0.4314;-1.0283;-0.0452;-0.1661
27600107;0;2;6;0;0.1097;-0.8407;-0.7823;1.0372;0.6471;1.1793;0.6736;1.0367;-0.1719;0.2169;0;135;135;270;673.24;682.089;714.66;28;13.3023;-0.2376;-0.4314;-1.0283;-0.0452;-0.1661
27600107;1;0;2;0;-0.4678;0.6818;-0.7823;0.4234;-0.6961;-0.1357;1.0427;-0.5247;-0.3374;1.0346;0;135;135;90;740.807;747.178;759.133;28;13.3023;-0.2376;-0.4314;-1.0283;-0.0452;-0.1661
27600109;0;0;5;0;-0.687;-0.3184;-0.7823;-0.104;-0.8483;1.1793;0.1685;-0.0218;1.314;1.0346;1;180;180;180;404.237;476.834;444.035;28;16.7852;-0.9432;0.4487;0.735;0.3085;-1.0542
27600109;0;2;4;0;-1.8939;1.4903;-0.7823;-0.4805;0.2095;1.1793;-1.1725;-0.9021;-0.9734;1.0346;1;135;180;180;459.369;430.779;423.518;28;16.7852;-0.9432;0.4487;0.735;0.3085;-1.0542
27600109;1;3;5;0;0.052;0.3241;0.2907;0.0389;-0.1628;-0.1357;0.472;-0.0334;-1.5447;0.6402;0;180;180;180;523.058;585.189;466.804;28;16.7852;-0.9432;0.4487;0.735;0.3085;-1.0542
27600109;1;2;6;0;-0.687;-0.1858;-0.7823;-0.5897;-0.6961;-0.5668;-0.8758;-0.0645;-0.2023;-1.1869;0;180;180;180;605.741;609.786;629.362;28;16.7852;-0.9432;0.4487;0.735;0.3085;-1.0542
27600114;0;2;2;0;-1.8939;0.0595;-0.7823;-0.6614;-0.1628;-1.3904;-0.0175;-1.5392;-0.4082;-1.3914;0;180;180;135;353.45;503.088;394.026;28;12.5843;1.0283;1.872;1.7311;0.9028;0.3009
27600114;1;2;0;0;-1.8939;2.7249;-0.7823;-0.4486;0.4162;0.0477;-0.5757;-2.4413;-1.6637;1.0346;0;135;180;0;387.069;429.887;394.731;28;12.5843;1.0283;1.872;1.7311;0.9028;0.3009
27600117;1;0;6;0;0.2734;0.4503;0.2907;0.7817;0.9187;1.1793;-0.091;0.1581;1.314;0.6402;1;225;180;135;586.371;552.257;589.405;23;13.8228;-0.0672;0.21;0.6764;0.5642;-0.1764
27600117;1;2;5;0;1.1422;-1.3523;1.1625;0.2953;-1.3021;1.1793;0.6736;-0.2086;0.7628;1.0346;0;225;180;135;460.967;412.309;501.677;23;13.8228;-0.0672;0.21;0.6764;0.5642;-0.1764
27600118;1;2;2;0;1.8905;1.4693;-0.7823;-1.0141;-1.8575;0.1806;-1.0813;-1.7666;1.314;-0.6576;0;315;225;135;471.55;489.283;484.032;18;11.1321;-0.949;-0.614;-0.5654;0.5871;0.9042
27600119;1;0;2;1;-0.687;0.0348;0.2907;0.1897;-0.0138;0.0477;0.2928;-1.4198;-1.0726;-0.6576;1;135;180;90;489.803;463.14;529.334;28;18.0374;-0.9432;0.4487;-0.2686;0.9355;-1.0542
27600120;1;0;6;0;-1.4869;1.4903;-0.7823;0.8377;1.8399;1.1793;0.1627;1.2204;0.6259;1.0346;0;180;180;180;566.595;580.564;631.926;28;17.1789;-1.4212;-0.1953;-0.0956;0.2266;0.287
27600120;0;2;5;0;0.4637;0.4503;1.2618;0.4235;0.6471;-0.1357;0.1483;-0.234;-0.5575;-1.1847;1;360;360;540;604.145;608.309;636.017;28;17.1789;-1.4212;-0.1953;-0.0956;0.2266;0.287
27600120;1;0;4;0;-1.059;0.6344;0.2907;-0.135;-0.9553;-0.1357;-0.2238;-2.3042;-0.7074;-0.6439;0;180;180;180;613.441;597.731;593.735;28;17.1789;-1.4212;-0.1953;-0.0956;0.2266;0.287
27600120;0;2;4;0;-1.4242;2.7249;1.2618;-0.5102;-0.1628;1.1793;-0.7958;-0.8866;1.314;-0.9167;0;180;180;450;478.634;559.854;585.689;28;17.1789;-1.4212;-0.1953;-0.0956;0.2266;0.287
27600120;1;3;6;0;0.1097;-0.5635;0.8615;1.1593;1.8366;1.1793;0.3776;1.3877;-1.3345;0.2169;0;180;180;270;685.832;714.831;741.336;28;17.1789;-1.4212;-0.1953;-0.0956;0.2266;0.287
27600120;0;0;4;0;-0.5311;-0.0553;0.1462;0.2025;0.2665;-0.6853;0.1464;-0.0734;0.039;1.0346;0;180;180;270;740.058;672.102;683.475;28;17.1789;-1.4212;-0.1953;-0.0956;0.2266;0.287
27600120;0;2;4;0;0.052;-0.6693;-0.7823;-1.2638;-0.5844;0.2646;-1.5306;-1.3303;1.314;0.2169;2;360;360;180;511.578;512.438;527.677;28;17.1789;-1.4212;-0.1953;-0.0956;0.2266;0.287
27600120;1;2;5;0;-0.7592;-0.0647;1.2618;-0.619;-0.8483;-0.5813;-0.3456;-0.0984;-0.2023;-1.0691;0;180;180;270;732.278;655.274;746.591;28;17.1789;-1.4212;-0.1953;-0.0956;0.2266;0.287
27600122;1;0;6;0;-0.6133;0.6738;-0.7823;0.1374;-1.3021;-0.1357;0.4071;0.2432;1.314;0.6364;0;180;180;180;564.77;565.696;518.437;28;13.175;-0.2805;-0.2968;-0.335;0.2266;0.9042
27600123;1;2;6;0;-1.2319;0.3241;-0.7823;0.3753;-0.0138;-0.1357;0.5648;0.5771;-0.7366;0.2169;1;180;180;360;588.942;523.992;573.169;23;24.9765;-1.4212;-0.7828;1.0522;-0.1662;-1.0542
27600124;1;0;6;0;-1.059;0.6344;1.4721;-0.4907;-0.8483;-0.1357;-0.1351;-0.2519;-0.2023;0.0116;0;135;270;180;545.424;604.124;566.733;28;15.7714;0.8339;1.5435;-0.4034;0.933;0.9042
27600124;0;2;4;0;-1.0109;1.4903;-0.7823;-0.0223;-0.5134;-0.6853;0.6206;-0.8733;0.2485;1.0346;0;180;180;270;575.016;608.538;624.847;28;15.7714;0.8339;1.5435;-0.4034;0.933;0.9042
27600124;1;0;5;0;-0.9823;2.7249;1.8279;0.1613;-0.0024;-1.0118;0.2444;0.0201;1.314;1.0346;1;180;225;90;564.916;526.322;629.072;28;15.7714;0.8339;1.5435;-0.4034;0.933;0.9042
27600126;1;2;2;0;0.4637;-0.9456;-0.7823;-1.2769;-1.3021;-1.5971;-0.8614;-1.9129;-1.3684;-0.6576;1;225;225;180;409.072;311.195;390.689;23;21;-0.3123;0.993;0.1936;1.9628;-0.0716
27600126;0;3;6;1;-0.687;-1.1802;1.7669;-0.8921;-0.5844;1.1793;-1.1467;0.0408;-0.9734;-1.6711;1;180;180;90;469.77;510.878;370.899;23;21;-0.3123;0.993;0.1936;1.9628;-0.0716
27600126;1;3;4;0;-0.4342;0.1589;0.7703;-1.3941;0.0543;-1.3835;-1.4488;-1.556;0.7015;1.0346;0;180;270;270;456.617;419.833;472.59;23;21;-0.3123;0.993;0.1936;1.9628;-0.0716
27600126;0;2;0;1;-1.4869;0.472;0.7703;-0.4819;0.3486;-0.5668;-0.7869;-2.3587;0.2148;1.0346;0;225;180;0;420.155;395.296;415.974;23;21;-0.3123;0.993;0.1936;1.9628;-0.0716
27600127;0;3;4;1;0.4637;-0.4415;-0.7823;-1.2395;-0.8483;-0.6853;-1.1949;-1.4906;-0.7769;-1.1847;0;180;180;90;382.04;397.3;374.646;13;16.1818;0.0888;2.0976;0.2268;1.1035;-0.1764
27600127;0;0;0;1;-0.687;-0.0845;-0.7823;-0.3827;-1.8575;-0.6853;0.5901;-2.4413;1.314;1.0346;2;225;270;90;317.478;334.915;239.927;13;16.1818;0.0888;2.0976;0.2268;1.1035;-0.1764
27600127;1;2;4;1;-1.8939;-0.9981;1.5436;-0.2799;-0.0138;-0.1357;-0.3183;-0.9481;1.314;-1.7696;0;360;600;240;360.239;285.655;238.536;13;16.1818;0.0888;2.0976;0.2268;1.1035;-0.1764
27600127;1;3;6;0;-0.13;-0.9879;1.5082;-0.1947;0.2095;-0.1897;-0.1806;0.8298;-0.5575;-1.5824;2;180;180;180;459.692;255.863;249.005;13;16.1818;0.0888;2.0976;0.2268;1.1035;-0.1764
27600127;1;0;2;1;0.8794;-0.3389;-0.7823;-1.6413;-1.8575;-2.8437;-0.0968;-1.7;-1.0051;0.005;1;180;180;90;531.849;372.984;352.053;13;16.1818;0.0888;2.0976;0.2268;1.1035;-0.1764
27600127;1;2;6;1;1.8905;-0.799;-0.7823;-0.9561;0.7962;-0.6172;-1.4715;0.0595;1.314;1.0346;1;225;225;90;274.203;316.04;259.929;13;16.1818;0.0888;2.0976;0.2268;1.1035;-0.1764
27600128;0;0;6;0;-1.8939;1.4326;-0.7823;0.7083;0.6921;1.1793;0.2164;1.1201;0.6259;0.6402;0;180;180;180;452.107;494.898;439.919;28;17.7867;2.1861;0.85;-0.1522;0.5642;-1.0542
27600128;0;0;4;0;-0.9823;0.6653;0.2907;0.0278;0.6471;1.1793;-0.7408;0.4044;-0.5488;1.0346;0;360;360;360;593.984;618.843;557.595;28;17.7867;2.1861;0.85;-0.1522;0.5642;-1.0542
27600128;0;0;2;0;-1.4869;0.4846;0.2907;0.55;0.7055;-0.6853;0.257;-0.7027;-0.5575;-1.4886;1;180;180;270;619.782;640.397;602.026;28;17.7867;2.1861;0.85;-0.1522;0.5642;-1.0542
27600129;0;3;4;0;0.1097;0.6818;-0.7823;-1.2149;-1.8575;-1.0118;-0.5369;-1.2485;-0.9734;1.0346;0;180;180;270;494.487;488.274;518.293;28;18.7308;1.1897;1.5797;0.735;1.1913;-0.3171
27600131;0;3;2;1;-0.687;1.3972;0.2308;-0.4732;0.533;-1.0118;-0.6945;-1.5411;-0.7366;1.0346;2;225;180;180;378.217;443.113;439.073;28;12.4923;1.2478;1.2727;0.9325;-0.4819;-0.061
27600131;1;3;6;0;-0.3799;-0.5707;-0.7823;0.4226;1.2928;1.1793;-0.2619;0.0061;-1.371;-1.6735;2;180;180;45;309.61;283.646;302.526;28;12.4923;1.2478;1.2727;0.9325;-0.4819;-0.061
27600131;0;0;6;0;-1.8939;-0.0649;-0.7823;0.7752;0.4924;1.1793;0.7931;0.7464;-0.6878;1.0346;2;180;180;0;394.791;448.157;378.963;28;12.4923;1.2478;1.2727;0.9325;-0.4819;-0.061
27600131;0;0;4;0;0.4637;0.1935;-0.7823;0.1178;0.1278;1.1793;-0.5444;-0.3158;-0.7366;-0.6576;1;225;180;180;429.538;468.754;493.13;28;12.4923;1.2478;1.2727;0.9325;-0.4819;-0.061
27600131;1;0;4;0;-1.2319;1.4685;-0.7823;0.6117;0.533;1.1793;0.5303;0.0359;-0.6986;1.0346;1;180;180;45;496.565;560.971;560.894;28;12.4923;1.2478;1.2727;0.9325;-0.4819;-0.061
27600131;0;3;2;0;-0.3498;0.1776;0.2308;-0.2562;0.3486;-0.6853;-0.3023;-1.4033;1.314;1.0346;0;180;180;90;312.498;416.191;357.485;28;12.4923;1.2478;1.2727;0.9325;-0.4819;-0.061
27600131;0;2;4;0;-0.0845;-0.5293;-0.7823;-1.1797;-0.1314;0.0477;-1.6041;-1.1459;1.314;1.0346;2;135;180;45;360.071;338.481;373.1;28;12.4923;1.2478;1.2727;0.9325;-0.4819;-0.061
27600131;1;3;0;0;-0.687;0.6818;0.8615;-0.8171;-0.1628;-1.6618;-0.2304;-2.8078;-0.6262;0.3622;0;180;180;225;574.712;607.302;566.906;28;12.4923;1.2478;1.2727;0.9325;-0.4819;-0.061
27600132;1;3;2;0;0.052;0.6713;-0.7823;-0.7169;-0.8483;-0.4396;-0.4748;-1.6069;-0.5864;1.0346;1;315;315;180;366.167;412.601;375.384;28;19.1852;-0.6844;-1.4551;0.4651;-0.0452;0.9042
27600132;1;2;4;1;-1.2319;0.3241;-0.7823;-0.7693;-0.1314;0.0477;-0.7939;-1.162;0.2148;-0.6576;1;225;135;90;476.374;406.421;412.513;28;19.1852;-0.6844;-1.4551;0.4651;-0.0452;0.9042
27600132;1;2;5;1;-1.8939;0.3379;-0.7823;-1.3524;-1.8575;0.0477;-1.2473;-0.8834;0.4394;1.0346;1;315;315;180;366.734;401.79;335.102;28;19.1852;-0.6844;-1.4551;0.4651;-0.0452;0.9042
27600132;0;0;0;0;-1.059;0.165;-0.7823;-1.6218;-1.3021;-1.7306;-1.2221;-2.841;-2.1621;-1.292;0;270;180;180;332.473;343.474;327.907;28;19.1852;-0.6844;-1.4551;0.4651;-0.0452;0.9042
27600132;0;2;0;0;0.4637;1.4326;-0.7823;-0.0075;-0.4144;-1.5532;0.6227;-1.9636;-1.3684;1.0346;0;315;315;180;456.497;560.458;529.937;28;19.1852;-0.6844;-1.4551;0.4651;-0.0452;0.9042
27600132;0;3;6;1;1.8905;-0.1906;-0.7823;1.2394;0.6471;1.1793;0.8513;0.5684;1.314;1.0346;1;270;270;270;343.899;396.66;336.885;28;19.1852;-0.6844;-1.4551;0.4651;-0.0452;0.9042
27600132;0;2;6;1;0.4637;-0.3178;-0.7823;-1.383;-1.3021;-1.5971;-0.6806;-0.167;0.7628;-1.5824;2;180;180;135;306.844;380.143;302.082;28;19.1852;-0.6844;-1.4551;0.4651;-0.0452;0.9042
27600132;0;2;5;1;0.4637;2.7249;-0.7823;-1.5805;-0.3112;-1.7257;-1.3125;-0.7351;0.2048;-1.2905;1;225;225;135;354.929;359.639;311.599;28;19.1852;-0.6844;-1.4551;0.4651;-0.0452;0.9042
27600133;0;0;4;0;-0.3498;-0.6945;0.7703;1.6418;1.8366;1.1793;0.8394;-0.0883;1.314;1.0346;0;120;120;60;435.713;505.517;432.73;23;10.9109;0.8339;0.9861;1.0633;1.9039;-0.1661
27600135;0;2;0;1;-0.3799;0.6818;-0.7823;-0.3368;0.387;1.1793;-0.6928;-2.5514;0.2148;-0.6576;0;180;180;90;550.227;545.065;471.592;28;18.1975;0.1;0.1201;0.1795;0.9952;-0.497
27600135;1;0;4;0;-1.0109;0.0427;-0.7823;-0.3771;-0.6111;1.1793;-0.7275;-0.9242;-0.6262;-1.1847;0;225;180;180;598.812;620.446;578.742;28;18.1975;0.1;0.1201;0.1795;0.9952;-0.497
27600135;1;0;4;1;-1.1597;0.4829;-0.7823;-0.5136;-0.8483;1.1793;-0.7589;-0.2608;-1.5794;1.0346;0;225;180;90;463.638;454.099;507.092;28;18.1975;0.1;0.1201;0.1795;0.9952;-0.497
27600137;1;3;0;0;0.8207;2.7249;-0.7823;-1.4122;-0.5676;0.0477;-1.7792;-3.0065;1.314;0.6402;0;180;180;0;347.752;405.118;421.036;28;11.1083;1.0283;0.8371;0.8093;0.8952;-1.0542
27600137;1;0;0;1;-0.687;0.3241;0.7703;-0.6164;-0.1506;0.0477;-0.8656;-2.007;-0.5488;-1.7696;2;195;195;65;402.179;416.868;451.58;28;11.1083;1.0283;0.8371;0.8093;0.8952;-1.0542
27600137;0;0;5;0;1.8905;0.9264;0.2907;-0.9409;-0.8483;-1.6145;-0.468;-0.4314;-2.1621;1.0346;0;180;180;120;424.905;443.31;441.78;28;11.1083;1.0283;0.8371;0.8093;0.8952;-1.0542
27600137;1;0;6;0;-0.9295;0.319;0.2907;-0.0396;-0.568;1.1793;0.5721;0.4015;0.6259;1.0346;0;180;180;0;348.449;370.156;288.775;28;11.1083;1.0283;0.8371;0.8093;0.8952;-1.0542
27600140;1;2;4;0;-0.9823;2.7249;-0.7823;-1.1662;-0.8483;0.1806;-1.3496;-0.7165;1.314;0.2127;2;180;180;270;560.599;582.263;587.023;28;13.5484;-0.2773;-0.3163;0.1795;0.6741;-1.4581
27600142;1;2;0;0;1.8905;-0.6464;-0.7823;-0.1287;-0.6111;-1.0118;0.2549;-2.3715;0.2485;-1.3914;0;225;180;270;686.778;646.183;778.597;23;10.3097;0.7889;-0.0719;-1.0283;0.9028;0.9042
27600142;1;0;4;0;-1.2792;1.4685;0.2907;0.3299;0.6471;-0.1357;0.066;-0.0228;0.385;0.6364;0;135;135;270;651.536;636.634;670.74;23;10.3097;0.7889;-0.0719;-1.0283;0.9028;0.9042
27600142;1;0;4;0;0.052;0.3241;-0.7823;-0.2316;-0.0138;0.0477;-0.5608;-0.912;-0.1512;-0.6576;0;135;135;225;619.483;603.778;625.708;23;10.3097;0.7889;-0.0719;-1.0283;0.9028;0.9042
27600143;1;2;5;0;-0.1748;0.0348;0.7703;0.2461;-0.3112;-0.1357;0.3661;0.282;-0.3673;-0.6576;0;135;135;315;512.463;541.665;574.685;28;12.0235;-0.2376;0.9678;-0.6744;0.933;0.9042
27600144;0;0;6;0;-1.059;-0.5878;0.6725;-0.5586;-0.1628;-0.9386;-0.1777;0.3557;0.039;-0.67;1;225;225;90;530.34;609.293;599.322;28;21.0769;-0.4526;0.7671;0.2211;1.189;-0.5083
27600144;0;2;6;1;1.8905;-1.5134;0.7703;-0.661;0.2095;1.1793;-1.1964;-0.6167;0.2148;1.0346;1;180;180;180;452.997;490.704;488.062;28;21.0769;-0.4526;0.7671;0.2211;1.189;-0.5083
27600146;1;2;6;0;-1.8939;0.4951;-0.7823;-0.439;-1.8575;-0.1357;0.0669;0.7047;-0.1512;1.0346;1;135;180;90;591.635;555.622;553.52;28;13.2727;-0.4413;0.4487;0.1795;-0.0452;0.9042
27600146;1;0;4;0;0.8207;0.6818;-0.7823;0.0681;0.7962;1.1793;-0.357;-0.3498;1.314;0.6364;0;180;135;90;579.152;580.901;608.291;28;13.2727;-0.4413;0.4487;0.1795;-0.0452;0.9042
27600147;1;2;4;1;-0.3799;-1.3831;0.7703;0.4232;1.8366;-0.1357;-0.4773;0.067;0.7015;-1.0691;1;180;225;180;499.379;408.434;451.055;28;11.7167;1.0283;1.2657;1.1978;0.5642;0.9042
27600153;1;2;6;1;-1.2319;-0.0742;-0.7823;-1.3429;-0.5844;-1.2793;-1.1112;-0.8424;-0.1298;0.5029;0;180;180;225;464.94;381.635;499.46;28;19.0476;-1.4212;0.902;0.0321;0.2688;-0.4859
27600153;0;0;6;0;0.8794;0.6818;0.2308;1.1185;1.2928;1.1793;0.6881;0.285;0.385;0.6364;0;315;225;270;502.962;617.042;602.271;28;19.0476;-1.4212;0.902;0.0321;0.2688;-0.4859
27600153;1;2;5;0;-0.5722;0.9587;0.2308;0.3963;0.4924;1.1793;-0.0237;-0.178;1.314;0.5029;0;315;225;135;460.606;497.475;492.07;28;19.0476;-1.4212;0.902;0.0321;0.2688;-0.4859
27600153;0;0;2;0;0.0208;0.6818;-0.7823;-0.1038;-0.0024;1.1793;-0.4407;-1.2367;1.314;1.0346;0;225;270;90;457.962;466.063;441.413;28;19.0476;-1.4212;0.902;0.0321;0.2688;-0.4859
27600153;0;2;5;0;-0.3799;1.4326;0.2907;-0.3338;0.2095;-1.0118;-0.0862;-1.1368;1.314;1.0346;1;180;180;180;418.983;484.507;456.038;28;19.0476;-1.4212;0.902;0.0321;0.2688;-0.4859
27600154;1;0;4;0;0.1097;-0.2017;0.1462;0.7216;1.8366;1.1793;-0.055;-0.6606;0.4522;1.0346;0;180;180;315;503.251;442.456;409.191;28;15.5355;0.9735;0.5116;-0.1522;0.2266;0.1571
27600154;0;0;5;1;-0.687;2.7249;-0.7823;0.2752;0.5642;1.1793;-0.5287;0.2097;-0.7366;0.6364;0;180;180;405;467.284;524.14;521.709;28;15.5355;0.9735;0.5116;-0.1522;0.2266;0.1571
27600154;0;0;4;0;1.1422;0.1589;0.2907;-0.4604;1.0047;-0.1357;-1.3251;-1.0313;-0.1298;1.0346;1;180;180;270;534.591;699.049;652.013;28;15.5355;0.9735;0.5116;-0.1522;0.2266;0.1571
27600154;0;0;5;0;-0.13;0.6818;-0.7823;1.4468;1.8366;1.1793;0.5687;1.0176;-2.7106;-0.6576;1;180;180;270;604.547;619.985;558.938;28;15.5355;0.9735;0.5116;-0.1522;0.2266;0.1571
27600158;1;0;2;0;-1.8939;0.3225;-0.7823;0.5954;0.2665;1.1793;0.323;-1.034;-1.1481;1.0346;0;180;180;90;501.186;539.665;520.48;23;14.4416;0.1312;0.6736;1.2689;1.1913;0.9042
27600158;1;0;6;0;-0.1748;0.9683;0.2308;-0.8086;-0.0138;-1.0527;-0.8102;-0.4128;-0.7659;-0.9167;0;180;180;90;422.705;449.137;412.321;23;14.4416;0.1312;0.6736;1.2689;1.1913;0.9042
27600159;0;2;2;0;-1.0109;0.6818;-0.7823;0.3154;-0.0138;1.1793;0.3225;-0.4963;-1.1176;0.2169;0;225;180;90;479.234;526.083;471.149;28;18.5676;1.2478;-0.0719;-0.2686;0.2988;0.1571
27600159;0;0;6;0;-0.687;1.4685;-0.7823;-0.6756;-0.1628;-1.3311;-0.138;0.6262;0.4522;0.5029;0;180;135;45;378.217;398.289;356.925;28;18.5676;1.2478;-0.0719;-0.2686;0.2988;0.1571
27600159;0;3;0;0;-0.3009;0.3241;0.2907;1.1625;1.8366;-0.1357;0.7905;-1.4152;-1.1176;-1.3939;0;180;180;45;505.236;473.274;445.506;28;18.5676;1.2478;-0.0719;-0.2686;0.2988;0.1571
27600164;1;2;4;0;1.8905;-1.1605;-0.7823;-0.0581;0.0364;0.0477;-0.3542;-0.3251;0.039;-2.4468;0;180;180;225;611.655;594.609;553.855;28;17.1538;0.4292;0.6798;0.1795;1.2743;-1.5648
27600164;0;2;4;0;-0.7592;0.6818;-0.7823;-0.675;-0.6111;-0.6853;-0.5981;-0.5086;0.7015;1.0346;2;180;180;90;581.077;573.106;588.492;28;17.1538;0.4292;0.6798;0.1795;1.2743;-1.5648
27600168;1;2;4;1;-0.9295;-0.4885;1.7405;-1.5482;-1.3021;-0.5668;-1.5894;-1.4375;-0.3882;-0.6576;2;240;240;0;451.773;457.423;412.204;18;21.0526;0.4292;0.9861;1.5517;0.6101;-1.0542
27600169;1;2;2;0;-1.2319;0.6818;-0.7823;-0.7193;-1.3021;-0.6853;-0.3513;-1.5637;0.4394;-0.6576;0;720;720;480;349.718;333.658;376.942;23;4.3158;1.7368;1.3635;1.0091;0.6101;0.9042
27600170;1;0;4;0;-1.2792;0.6738;-0.7823;-0.9535;-1.8575;-1.0118;-0.287;-0.8679;-1.8485;-1.5824;2;270;270;90;480.242;414.521;421.361;18;8.7059;-0.6344;-0.614;0.1795;-0.7733;0.9042
27600170;1;3;2;0;-1.059;0.0348;-0.7823;-0.159;-0.5572;-0.1357;0.4217;-1.2601;0.4394;1.0346;1;270;270;180;449.508;342.544;379.773;18;8.7059;-0.6344;-0.614;0.1795;-0.7733;0.9042
27600171;1;0;2;1;0.4637;1.4685;0.8615;-0.6794;0.2095;-0.6853;-0.7635;-1.5158;0.039;-0.9167;1;180;180;90;473.915;455.805;526.134;23;13.6094;0.8373;-0.2968;1.9143;1.7189;-0.5083
27600171;1;3;3;0;-0.13;-0.9298;-0.7823;-0.5476;-1.8575;1.1793;-0.1172;-0.979;-0.2023;0.6402;2;180;180;270;412.175;410.586;312.21;23;13.6094;0.8373;-0.2968;1.9143;1.7189;-0.5083
27600172;0;2;5;1;-0.687;-0.3184;-0.7823;0.1154;-0.4144;-1.0118;0.7931;0.0156;-2.0248;0.6402;2;180;180;270;533.606;559.021;532.704;28;6.046;0.8339;0.8371;0.6764;1.4533;-0.6263
27600172;0;0;4;0;-1.4869;0.0289;0.1462;-0.8433;-0.7953;-0.1357;-0.3971;-1.1042;-2.0248;-0.9122;0;135;135;270;625.192;587.084;566.228;28;6.046;0.8339;0.8371;0.6764;1.4533;-0.6263
27600172;1;0;2;0;0.4637;-0.8548;-0.7823;0.2049;-0.0138;-1.5603;0.9511;-0.6172;0.0703;-1.2947;0;180;180;90;512.551;527.002;528.481;28;6.046;0.8339;0.8371;0.6764;1.4533;-0.6263
27600173;0;2;5;0;0.1097;0.0464;2.07;1.0244;1.8366;1.1793;0.3474;-1.656;0.7015;0.5029;1;180;180;180;372.575;314.458;384.604;23;11.1014;0.4292;1.5598;1.0522;-0.5488;0.9042
27600173;1;2;6;1;1.8905;-0.1769;2.07;0.5961;1.2928;1.1793;0.2611;1.061;1.314;-0.6576;2;90;45;45;349.676;323.998;328.681;23;11.1014;0.4292;1.5598;1.0522;-0.5488;0.9042
27600176;1;0;5;0;-1.4869;0.5082;1.1625;0.9584;1.8366;1.1793;0.1949;0.1208;-1.4974;-2.4468;1;480;480;480;397.62;464.46;556.798;28;14.0833;-1.4212;-0.4314;0.356;0.928;0.9042
27600176;1;2;3;0;1.1422;-0.1906;-0.7823;-0.879;-0.568;-0.6853;-0.8499;-1.1301;1.314;-2.4468;0;320;240;480;356.871;315.652;321.887;28;14.0833;-1.4212;-0.4314;0.356;0.928;0.9042
27600176;1;2;6;1;-1.8939;-0.1769;-0.7823;-0.4407;-1.8575;-0.9779;0.6648;0.2385;0.1694;-2.4468;0;480;480;480;462.422;479.12;551.129;28;14.0833;-1.4212;-0.4314;0.356;0.928;0.9042
27600177;1;2;4;1;-0.7592;1.4326;0.2907;-0.5544;-1.8575;-0.9386;-0.0044;-1.2128;1.314;1.0346;1;180;180;270;639.892;656.873;570.572;33;14.3148;0.6299;0.4427;-1.1401;0.2266;-1.0238
27600177;0;0;6;0;-0.3799;0.4951;0.2907;0.4983;-0.6111;-0.1357;0.9531;0.3878;0.0181;0.2169;0;360;270;180;487.699;576.109;479.759;33;14.3148;0.6299;0.4427;-1.1401;0.2266;-1.0238
27600177;0;0;2;0;0.4637;-1.1378;0.1462;-0.7723;0.0543;-0.6122;-1.3496;-1.5551;-0.2023;0.2127;0;180;135;270;571.658;596.092;575.315;33;14.3148;0.6299;0.4427;-1.1401;0.2266;-1.0238
27600178;0;0;2;0;-0.687;1.4326;0.2907;0.4392;1.0047;1.1793;-0.2669;-1.0424;-0.7366;0.5029;0;135;135;135;630.926;654.828;528.351;28;12.4238;-0.2376;-1.4551;-0.4515;-0.8166;0.3009
27600178;0;2;5;0;-0.9823;0.9683;-0.7823;0.255;-0.6111;-0.1357;0.7014;0.6792;0.4394;0.6402;0;135;135;135;521.528;508.945;491.455;28;12.4238;-0.2376;-1.4551;-0.4515;-0.8166;0.3009
27600179;1;0;2;0;-1.1858;0.7263;0.2907;-0.1116;-0.3112;0.2646;0.3527;-1.0249;-1.2443;-2.4468;0;360;360;540;435.316;420.596;472.978;33;18.62;0.7857;0.9861;0.1795;-0.0745;-0.497
27600179;1;2;0;0;-1.8939;1.4685;-0.7823;-0.2332;-0.4144;-0.6947;0.0612;-2.5076;-0.7074;0.3586;0;480;480;240;471.577;448.147;384.669;33;18.62;0.7857;0.9861;0.1795;-0.0745;-0.497
27600183;0;0;0;0;-1.8939;1.4685;0.2907;-0.0916;-0.9553;1.1793;0.0021;-2.4572;-0.2327;1.0346;0;180;135;135;647.923;614.956;594.606;28;15.5461;1.2478;0.592;1.1989;0.6015;-0.1764
27600185;1;0;6;0;-0.9598;-1.0087;0.2907;-0.993;-1.8575;-0.6853;-0.3817;-2.5666;-2.7106;-1.2973;2;600;480;0;413.654;341.395;345.899;23;11.8968;0.5916;-0.0719;1.2343;0.2364;-0.061
27600187;0;0;4;1;-1.059;-0.6165;0.2907;0.531;0.295;1.1793;0.5572;-0.7308;-0.8998;-1.292;0;180;180;180;496.094;526.152;495.41;28;12.2642;1.2478;-0.0879;0.1795;1.0965;-0.4859
27600187;1;3;6;0;-1.8939;0.0348;0.2907;-0.165;0.2095;1.1793;-0.653;-0.157;-0.5575;-0.6576;0;180;180;450;552.666;521.791;568.821;28;12.2642;1.2478;-0.0879;0.1795;1.0965;-0.4859
27600187;1;3;2;1;-0.2006;0.1935;0.2907;-0.4719;-0.0138;-0.6853;-0.4986;-1.1477;-0.7366;-1.0657;0;180;180;315;534.355;481.091;472.839;28;12.2642;1.2478;-0.0879;0.1795;1.0965;-0.4859
27600187;0;0;6;0;1.8905;-0.6916;0.2907;2.2711;1.0047;1.1793;2.1715;1.632;0.2048;1.0346;0;135;135;450;644.031;696.753;674.068;28;12.2642;1.2478;-0.0879;0.1795;1.0965;-0.4859
27600187;1;3;6;0;-0.9295;-0.997;1.4721;-1.4475;-1.8575;-1.6618;-0.5355;0.4288;-0.9734;0.5029;0;180;180;315;498.043;513.569;483.79;28;12.2642;1.2478;-0.0879;0.1795;1.0965;-0.4859
27600187;0;2;6;0;0.1097;0.2243;-0.7823;0.1957;-0.0024;1.1793;-0.1076;0.4234;-2.7106;0.3622;0;180;180;315;520.803;469.175;444.194;28;12.2642;1.2478;-0.0879;0.1795;1.0965;-0.4859
27600187;1;0;6;0;-0.3009;0.6653;-0.7823;-0.3341;0.0543;1.1793;-1.184;0.7106;0.1694;0.5029;2;180;180;270;703.094;666.481;663.091;28;12.2642;1.2478;-0.0879;0.1795;1.0965;-0.4859
27600187;1;0;6;0;0.052;0.0348;2.4601;0.7702;1.8366;1.1793;-0.4389;1.2474;-2.0248;-1.1847;0;180;180;270;619.028;639.207;595.468;28;12.2642;1.2478;-0.0879;0.1795;1.0965;-0.4859
27600187;1;3;0;0;-0.0288;-1.27;1.8016;-0.2312;-1.3021;-0.1357;0.0232;-2.3632;0.4394;0.2169;2;180;180;180;566.971;414.306;495.202;28;12.2642;1.2478;-0.0879;0.1795;1.0965;-0.4859
27600187;0;2;4;0;-0.2006;0.6738;-0.7823;0.0887;-0.6111;1.1793;0.139;-0.4661;-1.2781;1.0346;0;180;135;225;484.867;605.795;536.434;28;12.2642;1.2478;-0.0879;0.1795;1.0965;-0.4859
27600196;1;3;6;0;-1.8939;2.7249;-0.7823;0.4752;1.8366;-0.6122;-0.3098;1.0717;-0.7366;0.2169;2;225;180;540;639.931;647.076;635.497;28;14.5333;0.4292;0.6736;-0.0384;0.9028;0.287
27600196;0;2;6;0;0.052;0.4458;-0.7823;0.1332;0.3486;-0.1357;-0.2103;0.7201;0.4522;1.0346;1;180;180;315;556.697;646.914;622.071;28;14.5333;0.4292;0.6736;-0.0384;0.9028;0.287
27600196;0;0;6;0;-0.687;0.4766;-0.7823;0.7823;0.545;-0.1357;0.3088;1.1969;-0.2023;1.0346;0;180;180;270;642.45;684.747;564.035;28;14.5333;0.4292;0.6736;-0.0384;0.9028;0.287
27600198;0;0;5;0;0.4637;1.4685;-0.7823;0.1587;0.4162;-0.1357;0.197;0.245;0.039;1.0346;0;380;285;570;581.061;618.791;616.576;28;10.1421;-0.6884;0.355;-0.335;1.9039;-1.0542
27600198;0;0;2;0;-0.6133;0.3018;0.2907;0.7895;0.7273;1.1793;0.3776;-0.6078;-0.5;1.0346;0;135;180;90;463.583;572.526;612.843;28;10.1421;-0.6884;0.355;-0.335;1.9039;-1.0542
27600198;0;0;6;0;-1.8939;-1.5703;-0.7823;0.3922;0.4924;-0.1357;0.3695;0.5972;0.2485;-1.8598;2;180;135;180;645.588;608.642;596.735;28;10.1421;-0.6884;0.355;-0.335;1.9039;-1.0542
27600202;0;3;6;0;0.8794;1.4685;-0.7823;-0.3906;0.0543;-0.1357;-0.7463;0.1673;1.314;1.0346;0;180;180;90;466.286;571.359;503.263;28;11.6706;-0.2805;0.028;-0.0956;-0.1662;0.9042
27600204;1;0;0;0;-1.8939;0.5159;0.2907;-1.2788;-0.8483;-0.4396;-1.307;-2.9501;1.314;1.0346;0;135;180;90;456.423;494.242;427.691;18;9.0952;0.265;0.8179;0.6482;0.9028;0.9042
27600206;1;0;6;0;-1.8939;0.0382;1.5436;0.4975;0.3153;-0.1357;0.1744;-0.0937;-0.1512;1.0346;0;180;180;225;534.019;507.442;483.546;23;12.2456;0.8039;0.8371;-0.6823;0.1842;-0.1764
27600207;1;2;4;0;-1.4869;0.4829;1.1211;-0.5982;-0.7953;-0.1357;-0.6209;-1.206;0.481;-0.6576;0;180;180;180;500.847;393.963;466.324;28;12.3333;-1.4212;0.4487;0.4215;0.6101;0.1571
27600207;1;2;0;0;-0.7985;-0.6659;-0.7823;0.3313;0.7962;1.1793;0.2059;-2.1007;-0.0348;-0.6576;0;180;180;120;421.111;326.725;353.362;28;12.3333;-1.4212;0.4487;0.4215;0.6101;0.1571
27600207;0;0;5;0;-1.8939;0.3692;-0.7823;-0.5657;-0.7953;0.0477;-0.2893;0.3907;-1.5103;-1.292;2;240;180;180;371.424;438.709;437.592;28;12.3333;-1.4212;0.4487;0.4215;0.6101;0.1571
27600208;1;0;5;1;-0.687;0.9683;0.8615;0.1078;0.1563;1.1793;0.0141;0.6038;-2.1007;-0.6576;0;180;180;180;553.617;563.815;554.915;28;14.2429;0.4292;0.6862;0.2211;0.9028;0.287
27600209;1;0;6;1;-1.8939;0.9517;0.8615;-0.1973;0.387;-1.0118;-0.4589;0.0402;1.314;1.0346;0;360;180;0;433.476;514.723;496.389;13;23.1474;-0.6884;1.0815;0.1795;0.2266;-0.1868
27600210;1;3;5;1;-0.687;-1.1174;1.5082;0.2588;-0.9553;-0.1357;0.9372;-0.237;0.7628;1.0346;2;180;180;90;309.429;279.011;282.794;23;7.9487;1.9733;0.9995;0.1795;0.4883;-1.0542
27600210;0;3;0;1;-0.687;1.4326;-0.7823;-1.2984;-0.8483;-0.6853;-1.5341;-2.9679;0.7628;-1.0691;1;225;225;135;457.658;459.124;440.765;23;7.9487;1.9733;0.9995;0.1795;0.4883;-1.0542
27600210;0;2;2;0;0.8207;1.4903;-0.7823;-0.8089;-0.7953;0.1806;-0.5543;-1.7988;-2.1621;-0.6576;2;270;180;135;314.365;358.704;343.464;23;7.9487;1.9733;0.9995;0.1795;0.4883;-1.0542
27600210;1;3;4;1;-0.9295;-1.2605;1.1625;-0.3735;0.5642;-0.6122;-0.6675;-1.3863;1.314;-1.5824;2;90;45;135;462.253;342.95;404.067;23;7.9487;1.9733;0.9995;0.1795;0.4883;-1.0542
27600211;1;2;4;0;0.8794;0.6818;2.3772;-0.6256;-0.568;-0.6122;-0.2511;-0.7291;1.314;1.0346;0;180;180;90;358.723;402.797;381.13;23;15.3333;0.1;0.3595;0.1795;0.5642;-1.0542
27600211;1;2;6;0;-0.4342;0.3241;0.8233;0.535;-0.6111;1.1793;1.1949;1.0092;-0.7882;-1.5824;2;180;135;225;601.337;673.856;615.241;23;15.3333;0.1;0.3595;0.1795;0.5642;-1.0542
27600211;1;0;4;0;-1.2792;-0.0417;0.2907;-0.6227;-1.8575;0.1806;-0.254;-0.1352;1.314;0.3622;0;225;180;90;540.098;550.777;531.402;23;15.3333;0.1;0.3595;0.1795;0.5642;-1.0542
27600211;1;0;5;0;-1.1597;1.4903;0.2907;0.3875;0.3486;1.1793;0.1483;-0.1364;-0.9734;-1.3939;1;180;180;225;553.769;504.823;559.842;23;15.3333;0.1;0.3595;0.1795;0.5642;-1.0542
27600211;1;2;6;0;-0.2006;-0.6913;-0.7823;0.6109;1.0047;1.1793;0.2585;0.1043;-1.1481;-0.6576;2;800;80;80;396.675;331.295;384.508;23;15.3333;0.1;0.3595;0.1795;0.5642;-1.0542
27600211;1;2;5;0;-0.687;0.4766;-0.7823;-0.5911;-0.3112;1.1793;-0.6026;-0.6277;1.314;-1.5824;2;360;360;180;402.671;251.715;262.567;23;15.3333;0.1;0.3595;0.1795;0.5642;-1.0542
27600212;1;0;4;0;-0.6133;-0.2159;-0.7823;-0.5427;-0.6111;-0.6853;-0.5608;-0.9309;1.314;0.6364;0;600;480;720;435.885;379.276;377.005;23;10.9091;0.4292;0.5116;0.4215;0.6101;0.9042
27600213;1;2;6;0;0.3335;-0.4464;-0.7823;-0.1386;-0.0138;-0.4903;-0.4146;0.3472;-0.1298;0.2127;1;180;180;360;700.306;619.326;686.678;28;13.2135;0.1;0.6676;-0.9505;0.2266;0.9042
27600214;1;0;6;0;-0.687;0.6818;-0.7823;-0.0832;-0.1628;0.1806;-0.314;0.9518;0.7628;0.2127;0;135;135;270;579.019;612.574;617.429;28;15.75;0.0686;0.592;0.0177;1.1035;-1.5648
27600214;0;0;6;0;-0.687;0.3332;-0.7823;0.3497;0.9187;1.1793;-0.5518;-0.4674;-0.2327;1.0346;0;135;135;270;533.065;582.79;516.123;28;15.75;0.0686;0.592;0.0177;1.1035;-1.5648
27600214;0;0;6;0;-0.687;0.9423;-0.7823;-0.48;0.2095;-0.6122;-0.7958;0.6627;-0.0037;0.2127;0;135;135;360;599.526;651.606;616.846;28;15.75;0.0686;0.592;0.0177;1.1035;-1.5648
27600214;0;0;6;0;-0.687;0.9423;-0.7823;1.1088;1.8366;1.1793;0.1166;1.3907;0.4394;0.6364;0;135;135;90;701.914;687.433;623.463;28;15.75;0.0686;0.592;0.0177;1.1035;-1.5648
27600215;1;0;4;0;-0.9823;0.9683;-0.7823;0.2236;-0.2432;1.1793;0.1281;-0.0066;1.314;1.0346;0;225;225;225;538.244;434.534;428.838;23;14.9811;1.2478;-0.3265;0.8153;0.2266;-0.061
27600215;0;2;2;0;-1.8939;0.6818;-0.7823;-0.2052;-0.5844;1.1793;-0.0228;-1.377;0.7015;1.0346;0;180;180;90;499.985;490.277;491.202;23;14.9811;1.2478;-0.3265;0.8153;0.2266;-0.061
27600215;1;0;4;1;-0.9823;2.7249;-0.7823;0.169;0.1765;1.1793;-0.0132;-0.7055;1.314;1.0346;0;180;180;360;599.577;530.181;614.742;23;14.9811;1.2478;-0.3265;0.8153;0.2266;-0.061
27600215;0;0;3;0;0.0208;-0.355;0.2907;0.078;-0.5134;1.1793;0.0858;-0.2324;-1.2301;1.0346;0;180;180;270;556.008;550.935;530.931;23;14.9811;1.2478;-0.3265;0.8153;0.2266;-0.061
27600222;0;2;6;0;0.052;-0.2098;0.7703;-0.7369;-0.1628;-0.6853;-0.5757;-1.5845;-0.2441;1.0346;2;225;225;180;476.677;504.883;432.997;28;17.9143;0.2956;0.592;0.976;-0.0452;0.9042
27600224;1;2;2;0;-1.8939;0.9517;1.203;-0.4327;0.533;-1.6692;-0.3373;-1.5202;1.314;-0.6439;0;180;180;180;303.371;314.766;340.762;53;16.75;1.2048;0.028;0.2408;0.9028;0.9042
27600224;0;3;6;1;0.4637;-1.1351;0.8233;-0.3382;0.4162;1.1793;-1.0555;-0.2674;-0.2023;0.2127;0;180;180;270;427.462;455.959;444.553;53;16.75;1.2048;0.028;0.2408;0.9028;0.9042
27600224;1;2;2;0;-1.8939;-1.186;0.2907;-0.372;-0.3916;0.0477;-0.5194;-1.4167;-0.7562;1.0346;0;225;180;180;477.211;456.038;450.149;53;16.75;1.2048;0.028;0.2408;0.9028;0.9042
27600224;1;3;3;0;-0.2006;2.7249;-0.7823;-0.7801;0.387;1.1793;-1.6947;-1.0774;-0.7366;-1.8649;1;180;180;180;301.013;365.956;373.377;53;16.75;1.2048;0.028;0.2408;0.9028;0.9042
27600224;0;2;2;0;-0.9823;0.0348;3.8591;-0.5983;0.3486;0.0477;-1.0287;-0.9571;-0.7769;1.0346;0;180;180;270;368.528;329.828;369.972;53;16.75;1.2048;0.028;0.2408;0.9028;0.9042
27600224;0;2;5;0;1.3423;0.3299;0.7703;-0.4007;0.2581;0.0477;-0.4495;0.3015;1.314;1.0346;0;180;180;225;400.601;535.687;504.828;53;16.75;1.2048;0.028;0.2408;0.9028;0.9042
27600225;0;0;2;1;1.4083;-0.1939;0.2907;-0.5847;-0.1314;-0.6853;-0.468;-0.7776;1.314;-2.4468;0;135;180;90;424.108;522.624;447.756;28;20.6429;-0.6884;-1.4551;1.0088;0.8378;-0.1764
27600225;1;2;6;1;0.3335;0.4749;-0.7823;-0.3222;-0.5572;-0.1357;-0.0884;-0.1928;-2.0248;-0.6576;0;135;450;90;467.445;432.811;418.101;28;20.6429;-0.6884;-1.4551;1.0088;0.8378;-0.1764
27600225;0;2;4;1;-1.8939;1.4903;-0.7823;0.6657;-0.1506;0.6763;1.6369;-0.3565;-0.6262;1.0346;2;135;180;90;346.62;407.642;299.344;28;20.6429;-0.6884;-1.4551;1.0088;0.8378;-0.1764
